0 7
1 8
2 9
3 10
4 11
5 12
6 13
7 14
10 8
11 7
12 8
13 9
14 10
15 11
16 12
17 13
20 9
21 8
22 8
23 9
24 10
25 11
26 12
27 13
30 10
31 9
32 9
33 9
34 10
35 11
36 12
37 13
40 11
41 10
42 10
43 10
44 10
45 11
46 12
47 13
50 12
51 11
52 11
53 11
54 11
55 11
56 12
57 13
60 13
61 12
62 12
63 12
64 12
65 12
66 12
67 13
70 14
71 13
72 13
73 13
74 13
75 13
76 13
77 13
100 7
101 8
102 8
103 9
104 10
105 11
106 12
107 13
110 8
111 6
112 7
113 8
114 9
115 10
116 11
117 12
120 9
121 7
122 6
123 7
124 8
125 9
126 10
127 11
130 10
131 8
132 7
133 7
134 8
135 9
136 10
137 11
140 11
141 9
142 8
143 8
144 8
145 9
146 10
147 11
150 12
151 10
152 9
153 9
154 9
155 9
156 10
157 11
160 13
161 11
162 10
163 10
164 10
165 10
166 10
167 11
170 14
171 12
172 11
173 11
174 11
175 11
176 11
177 11
200 8
201 8
202 10
203 9
204 10
205 11
206 12
207 13
210 9
211 6
212 7
213 7
214 8
215 9
216 10
217 11
220 9
221 7
222 7
223 8
224 9
225 10
226 11
227 12
230 10
231 8
232 8
233 7
234 8
235 9
236 10
237 11
240 11
241 9
242 9
243 8
244 8
245 9
246 10
247 11
250 12
251 10
252 10
253 9
254 9
255 9
256 10
257 11
260 13
261 11
262 11
263 10
264 10
265 10
266 10
267 11
270 14
271 12
272 12
273 11
274 11
275 11
276 11
277 11
300 9
301 9
302 9
303 12
304 10
305 11
306 12
307 13
310 10
311 7
312 7
313 9
314 8
315 9
316 10
317 11
320 10
321 8
322 7
323 8
324 8
325 9
326 10
327 11
330 10
331 8
332 8
333 8
334 9
335 10
336 11
337 12
340 11
341 9
342 9
343 9
344 8
345 9
346 10
347 11
350 12
351 10
352 10
353 10
354 9
355 9
356 10
357 11
360 13
361 11
362 11
363 11
364 10
365 10
366 10
367 11
370 14
371 12
372 12
373 12
374 11
375 11
376 11
377 11
400 10
401 10
402 10
403 10
404 14
405 11
406 12
407 13
410 11
411 8
412 8
413 8
414 11
415 9
416 10
417 11
420 11
421 9
422 8
423 8
424 10
425 9
426 10
427 11
430 11
431 9
432 9
433 8
434 9
435 9
436 10
437 11
440 11
441 9
442 9
443 9
444 9
445 10
446 11
447 12
450 12
451 10
452 10
453 10
454 10
455 9
456 10
457 11
460 13
461 11
462 11
463 11
464 11
465 10
466 10
467 11
470 14
471 12
472 12
473 12
474 12
475 11
476 11
477 11
500 11
501 11
502 11
503 11
504 11
505 16
506 12
507 13
510 12
511 9
512 9
513 9
514 9
515 13
516 10
517 11
520 12
521 10
522 9
523 9
524 9
525 12
526 10
527 11
530 12
531 10
532 10
533 9
534 9
535 11
536 10
537 11
540 12
541 10
542 10
543 10
544 9
545 10
546 10
547 11
550 12
551 10
552 10
553 10
554 10
555 10
556 11
557 12
560 13
561 11
562 11
563 11
564 11
565 11
566 10
567 11
570 14
571 12
572 12
573 12
574 12
575 12
576 11
577 11
600 12
601 12
602 12
603 12
604 12
605 12
606 18
607 13
610 13
611 10
612 10
613 10
614 10
615 10
616 15
617 11
620 13
621 11
622 10
623 10
624 10
625 10
626 14
627 11
630 13
631 11
632 11
633 10
634 10
635 10
636 13
637 11
640 13
641 11
642 11
643 11
644 10
645 10
646 12
647 11
650 13
651 11
652 11
653 11
654 11
655 10
656 11
657 11
660 13
661 11
662 11
663 11
664 11
665 11
666 11
667 12
670 14
671 12
672 12
673 12
674 12
675 12
676 12
677 11
700 13
701 13
702 13
703 13
704 13
705 13
706 13
707 20
710 14
711 11
712 11
713 11
714 11
715 11
716 11
717 17
720 14
721 12
722 11
723 11
724 11
725 11
726 11
727 16
730 14
731 12
732 12
733 11
734 11
735 11
736 11
737 15
740 14
741 12
742 12
743 12
744 11
745 11
746 11
747 14
750 14
751 12
752 12
753 12
754 12
755 11
756 11
757 13
760 14
761 12
762 12
763 12
764 12
765 12
766 11
767 12
770 14
771 12
772 12
773 12
774 12
775 12
776 12
777 12
1000 5
1001 7
1002 6
1003 7
1004 8
1005 9
1006 10
1007 11
1010 7
1011 8
1012 9
1013 10
1014 11
1015 12
1016 13
1017 14
1020 7
1021 9
1022 6
1023 7
1024 8
1025 9
1026 10
1027 11
1030 8
1031 10
1032 7
1033 7
1034 8
1035 9
1036 10
1037 11
1040 9
1041 11
1042 8
1043 8
1044 8
1045 9
1046 10
1047 11
1050 10
1051 12
1052 9
1053 9
1054 9
1055 9
1056 10
1057 11
1060 11
1061 13
1062 10
1063 10
1064 10
1065 10
1066 10
1067 11
1070 12
1071 14
1072 11
1073 11
1074 11
1075 11
1076 11
1077 11
1100 6
1101 8
1102 8
1103 9
1104 10
1105 11
1106 12
1107 13
1110 8
1111 8
1112 9
1113 10
1114 11
1115 12
1116 13
1117 14
1120 9
1121 9
1122 8
1123 9
1124 10
1125 11
1126 12
1127 13
1130 10
1131 10
1132 9
1133 9
1134 10
1135 11
1136 12
1137 13
1140 11
1141 11
1142 10
1143 10
1144 10
1145 11
1146 12
1147 13
1150 12
1151 12
1152 11
1153 11
1154 11
1155 11
1156 12
1157 13
1160 13
1161 13
1162 12
1163 12
1164 12
1165 12
1166 12
1167 13
1170 14
1171 14
1172 13
1173 13
1174 13
1175 13
1176 13
1177 13
1200 7
1201 8
1202 9
1203 8
1204 9
1205 10
1206 11
1207 12
1210 9
1211 8
1212 9
1213 9
1214 10
1215 11
1216 12
1217 13
1220 8
1221 9
1222 7
1223 8
1224 9
1225 10
1226 11
1227 12
1230 9
1231 10
1232 8
1233 7
1234 8
1235 9
1236 10
1237 11
1240 10
1241 11
1242 9
1243 8
1244 8
1245 9
1246 10
1247 11
1250 11
1251 12
1252 10
1253 9
1254 9
1255 9
1256 10
1257 11
1260 12
1261 13
1262 11
1263 10
1264 10
1265 10
1266 10
1267 11
1270 13
1271 14
1272 12
1273 11
1274 11
1275 11
1276 11
1277 11
1300 8
1301 9
1302 8
1303 11
1304 9
1305 10
1306 11
1307 12
1310 10
1311 9
1312 9
1313 11
1314 10
1315 11
1316 12
1317 13
1320 9
1321 10
1322 7
1323 8
1324 8
1325 9
1326 10
1327 11
1330 9
1331 10
1332 8
1333 8
1334 9
1335 10
1336 11
1337 12
1340 10
1341 11
1342 9
1343 9
1344 8
1345 9
1346 10
1347 11
1350 11
1351 12
1352 10
1353 10
1354 9
1355 9
1356 10
1357 11
1360 12
1361 13
1362 11
1363 11
1364 10
1365 10
1366 10
1367 11
1370 13
1371 14
1372 12
1373 12
1374 11
1375 11
1376 11
1377 11
1400 9
1401 10
1402 9
1403 9
1404 13
1405 10
1406 11
1407 12
1410 11
1411 10
1412 10
1413 10
1414 13
1415 11
1416 12
1417 13
1420 10
1421 11
1422 8
1423 8
1424 10
1425 9
1426 10
1427 11
1430 10
1431 11
1432 9
1433 8
1434 9
1435 9
1436 10
1437 11
1440 10
1441 11
1442 9
1443 9
1444 9
1445 10
1446 11
1447 12
1450 11
1451 12
1452 10
1453 10
1454 10
1455 9
1456 10
1457 11
1460 12
1461 13
1462 11
1463 11
1464 11
1465 10
1466 10
1467 11
1470 13
1471 14
1472 12
1473 12
1474 12
1475 11
1476 11
1477 11
1500 10
1501 11
1502 10
1503 10
1504 10
1505 15
1506 11
1507 12
1510 12
1511 11
1512 11
1513 11
1514 11
1515 15
1516 12
1517 13
1520 11
1521 12
1522 9
1523 9
1524 9
1525 12
1526 10
1527 11
1530 11
1531 12
1532 10
1533 9
1534 9
1535 11
1536 10
1537 11
1540 11
1541 12
1542 10
1543 10
1544 9
1545 10
1546 10
1547 11
1550 11
1551 12
1552 10
1553 10
1554 10
1555 10
1556 11
1557 12
1560 12
1561 13
1562 11
1563 11
1564 11
1565 11
1566 10
1567 11
1570 13
1571 14
1572 12
1573 12
1574 12
1575 12
1576 11
1577 11
1600 11
1601 12
1602 11
1603 11
1604 11
1605 11
1606 17
1607 12
1610 13
1611 12
1612 12
1613 12
1614 12
1615 12
1616 17
1617 13
1620 12
1621 13
1622 10
1623 10
1624 10
1625 10
1626 14
1627 11
1630 12
1631 13
1632 11
1633 10
1634 10
1635 10
1636 13
1637 11
1640 12
1641 13
1642 11
1643 11
1644 10
1645 10
1646 12
1647 11
1650 12
1651 13
1652 11
1653 11
1654 11
1655 10
1656 11
1657 11
1660 12
1661 13
1662 11
1663 11
1664 11
1665 11
1666 11
1667 12
1670 13
1671 14
1672 12
1673 12
1674 12
1675 12
1676 12
1677 11
1700 12
1701 13
1702 12
1703 12
1704 12
1705 12
1706 12
1707 19
1710 14
1711 13
1712 13
1713 13
1714 13
1715 13
1716 13
1717 19
1720 13
1721 14
1722 11
1723 11
1724 11
1725 11
1726 11
1727 16
1730 13
1731 14
1732 12
1733 11
1734 11
1735 11
1736 11
1737 15
1740 13
1741 14
1742 12
1743 12
1744 11
1745 11
1746 11
1747 14
1750 13
1751 14
1752 12
1753 12
1754 12
1755 11
1756 11
1757 13
1760 13
1761 14
1762 12
1763 12
1764 12
1765 12
1766 11
1767 12
1770 13
1771 14
1772 12
1773 12
1774 12
1775 12
1776 12
1777 12
2000 6
2001 6
2002 9
2003 7
2004 8
2005 9
2006 10
2007 11
2010 7
2011 6
2012 8
2013 7
2014 8
2015 9
2016 10
2017 11
2020 9
2021 9
2022 11
2023 12
2024 13
2025 14
2026 15
2027 16
2030 8
2031 8
2032 12
2033 7
2034 8
2035 9
2036 10
2037 11
2040 9
2041 9
2042 13
2043 8
2044 8
2045 9
2046 10
2047 11
2050 10
2051 10
2052 14
2053 9
2054 9
2055 9
2056 10
2057 11
2060 11
2061 11
2062 15
2063 10
2064 10
2065 10
2066 10
2067 11
2070 12
2071 12
2072 16
2073 11
2074 11
2075 11
2076 11
2077 11
2100 7
2101 7
2102 10
2103 8
2104 9
2105 10
2106 11
2107 12
2110 8
2111 6
2112 8
2113 7
2114 8
2115 9
2116 10
2117 11
2120 9
2121 8
2122 9
2123 10
2124 11
2125 12
2126 13
2127 14
2130 9
2131 8
2132 10
2133 7
2134 8
2135 9
2136 10
2137 11
2140 10
2141 9
2142 11
2143 8
2144 8
2145 9
2146 10
2147 11
2150 11
2151 10
2152 12
2153 9
2154 9
2155 9
2156 10
2157 11
2160 12
2161 11
2162 13
2163 10
2164 10
2165 10
2166 10
2167 11
2170 13
2171 12
2172 14
2173 11
2174 11
2175 11
2176 11
2177 11
2200 7
2201 8
2202 10
2203 9
2204 10
2205 11
2206 12
2207 13
2210 9
2211 7
2212 9
2213 9
2214 10
2215 11
2216 12
2217 13
2220 9
2221 9
2222 9
2223 10
2224 11
2225 12
2226 13
2227 14
2230 10
2231 10
2232 10
2233 9
2234 10
2235 11
2236 12
2237 13
2240 11
2241 11
2242 11
2243 10
2244 10
2245 11
2246 12
2247 13
2250 12
2251 12
2252 12
2253 11
2254 11
2255 11
2256 12
2257 13
2260 13
2261 13
2262 13
2263 12
2264 12
2265 12
2266 12
2267 13
2270 14
2271 14
2272 14
2273 13
2274 13
2275 13
2276 13
2277 13
2300 8
2301 9
2302 9
2303 11
2304 9
2305 10
2306 11
2307 12
2310 10
2311 8
2312 9
2313 10
2314 9
2315 10
2316 11
2317 12
2320 10
2321 10
2322 9
2323 10
2324 10
2325 11
2326 12
2327 13
2330 9
2331 9
2332 10
2333 8
2334 9
2335 10
2336 11
2337 12
2340 10
2341 10
2342 11
2343 9
2344 8
2345 9
2346 10
2347 11
2350 11
2351 11
2352 12
2353 10
2354 9
2355 9
2356 10
2357 11
2360 12
2361 12
2362 13
2363 11
2364 10
2365 10
2366 10
2367 11
2370 13
2371 13
2372 14
2373 12
2374 11
2375 11
2376 11
2377 11
2400 9
2401 10
2402 10
2403 9
2404 13
2405 10
2406 11
2407 12
2410 11
2411 9
2412 10
2413 9
2414 12
2415 10
2416 11
2417 12
2420 11
2421 11
2422 10
2423 10
2424 12
2425 11
2426 12
2427 13
2430 10
2431 10
2432 11
2433 8
2434 9
2435 9
2436 10
2437 11
2440 10
2441 10
2442 11
2443 9
2444 9
2445 10
2446 11
2447 12
2450 11
2451 11
2452 12
2453 10
2454 10
2455 9
2456 10
2457 11
2460 12
2461 12
2462 13
2463 11
2464 11
2465 10
2466 10
2467 11
2470 13
2471 13
2472 14
2473 12
2474 12
2475 11
2476 11
2477 11
2500 10
2501 11
2502 11
2503 10
2504 10
2505 15
2506 11
2507 12
2510 12
2511 10
2512 11
2513 10
2514 10
2515 14
2516 11
2517 12
2520 12
2521 12
2522 11
2523 11
2524 11
2525 14
2526 12
2527 13
2530 11
2531 11
2532 12
2533 9
2534 9
2535 11
2536 10
2537 11
2540 11
2541 11
2542 12
2543 10
2544 9
2545 10
2546 10
2547 11
2550 11
2551 11
2552 12
2553 10
2554 10
2555 10
2556 11
2557 12
2560 12
2561 12
2562 13
2563 11
2564 11
2565 11
2566 10
2567 11
2570 13
2571 13
2572 14
2573 12
2574 12
2575 12
2576 11
2577 11
2600 11
2601 12
2602 12
2603 11
2604 11
2605 11
2606 17
2607 12
2610 13
2611 11
2612 12
2613 11
2614 11
2615 11
2616 16
2617 12
2620 13
2621 13
2622 12
2623 12
2624 12
2625 12
2626 16
2627 13
2630 12
2631 12
2632 13
2633 10
2634 10
2635 10
2636 13
2637 11
2640 12
2641 12
2642 13
2643 11
2644 10
2645 10
2646 12
2647 11
2650 12
2651 12
2652 13
2653 11
2654 11
2655 10
2656 11
2657 11
2660 12
2661 12
2662 13
2663 11
2664 11
2665 11
2666 11
2667 12
2670 13
2671 13
2672 14
2673 12
2674 12
2675 12
2676 12
2677 11
2700 12
2701 13
2702 13
2703 12
2704 12
2705 12
2706 12
2707 19
2710 14
2711 12
2712 13
2713 12
2714 12
2715 12
2716 12
2717 18
2720 14
2721 14
2722 13
2723 13
2724 13
2725 13
2726 13
2727 18
2730 13
2731 13
2732 14
2733 11
2734 11
2735 11
2736 11
2737 15
2740 13
2741 13
2742 14
2743 12
2744 11
2745 11
2746 11
2747 14
2750 13
2751 13
2752 14
2753 12
2754 12
2755 11
2756 11
2757 13
2760 13
2761 13
2762 14
2763 12
2764 12
2765 12
2766 11
2767 12
2770 13
2771 13
2772 14
2773 12
2774 12
2775 12
2776 12
2777 12
3000 7
3001 7
3002 7
3003 11
3004 8
3005 9
3006 10
3007 11
3010 8
3011 7
3012 7
3013 10
3014 8
3015 9
3016 10
3017 11
3020 8
3021 8
3022 7
3023 9
3024 8
3025 9
3026 10
3027 11
3030 11
3031 11
3032 11
3033 14
3034 15
3035 16
3036 17
3037 18
3040 9
3041 9
3042 9
3043 15
3044 8
3045 9
3046 10
3047 11
3050 10
3051 10
3052 10
3053 16
3054 9
3055 9
3056 10
3057 11
3060 11
3061 11
3062 11
3063 17
3064 10
3065 10
3066 10
3067 11
3070 12
3071 12
3072 12
3073 18
3074 11
3075 11
3076 11
3077 11
3100 8
3101 8
3102 8
3103 12
3104 9
3105 10
3106 11
3107 12
3110 9
3111 7
3112 7
3113 10
3114 8
3115 9
3116 10
3117 11
3120 9
3121 8
3122 7
3123 9
3124 8
3125 9
3126 10
3127 11
3130 11
3131 10
3132 10
3133 12
3134 13
3135 14
3136 15
3137 16
3140 10
3141 9
3142 9
3143 13
3144 8
3145 9
3146 10
3147 11
3150 11
3151 10
3152 10
3153 14
3154 9
3155 9
3156 10
3157 11
3160 12
3161 11
3162 11
3163 15
3164 10
3165 10
3166 10
3167 11
3170 13
3171 12
3172 12
3173 16
3174 11
3175 11
3176 11
3177 11
3200 8
3201 9
3202 8
3203 12
3204 9
3205 10
3206 11
3207 12
3210 10
3211 8
3212 8
3213 11
3214 9
3215 10
3216 11
3217 12
3220 9
3221 9
3222 7
3223 9
3224 8
3225 9
3226 10
3227 11
3230 10
3231 10
3232 9
3233 10
3234 11
3235 12
3236 13
3237 14
3240 10
3241 10
3242 9
3243 11
3244 8
3245 9
3246 10
3247 11
3250 11
3251 11
3252 10
3253 12
3254 9
3255 9
3256 10
3257 11
3260 12
3261 12
3262 11
3263 13
3264 10
3265 10
3266 10
3267 11
3270 13
3271 13
3272 12
3273 14
3274 11
3275 11
3276 11
3277 11
3300 8
3301 9
3302 9
3303 12
3304 10
3305 11
3306 12
3307 13
3310 10
3311 8
3312 9
3313 11
3314 10
3315 11
3316 12
3317 13
3320 10
3321 10
3322 8
3323 10
3324 10
3325 11
3326 12
3327 13
3330 10
3331 10
3332 10
3333 10
3334 11
3335 12
3336 13
3337 14
3340 11
3341 11
3342 11
3343 11
3344 10
3345 11
3346 12
3347 13
3350 12
3351 12
3352 12
3353 12
3354 11
3355 11
3356 12
3357 13
3360 13
3361 13
3362 13
3363 13
3364 12
3365 12
3366 12
3367 13
3370 14
3371 14
3372 14
3373 14
3374 13
3375 13
3376 13
3377 13
3400 9
3401 10
3402 10
3403 10
3404 13
3405 10
3406 11
3407 12
3410 11
3411 9
3412 10
3413 10
3414 12
3415 10
3416 11
3417 12
3420 11
3421 11
3422 9
3423 10
3424 11
3425 10
3426 11
3427 12
3430 11
3431 11
3432 11
3433 10
3434 11
3435 11
3436 12
3437 13
3440 10
3441 10
3442 10
3443 11
3444 9
3445 10
3446 11
3447 12
3450 11
3451 11
3452 11
3453 12
3454 10
3455 9
3456 10
3457 11
3460 12
3461 12
3462 12
3463 13
3464 11
3465 10
3466 10
3467 11
3470 13
3471 13
3472 13
3473 14
3474 12
3475 11
3476 11
3477 11
3500 10
3501 11
3502 11
3503 11
3504 10
3505 15
3506 11
3507 12
3510 12
3511 10
3512 11
3513 11
3514 10
3515 14
3516 11
3517 12
3520 12
3521 12
3522 10
3523 11
3524 10
3525 13
3526 11
3527 12
3530 12
3531 12
3532 12
3533 11
3534 11
3535 13
3536 12
3537 13
3540 11
3541 11
3542 11
3543 12
3544 9
3545 10
3546 10
3547 11
3550 11
3551 11
3552 11
3553 12
3554 10
3555 10
3556 11
3557 12
3560 12
3561 12
3562 12
3563 13
3564 11
3565 11
3566 10
3567 11
3570 13
3571 13
3572 13
3573 14
3574 12
3575 12
3576 11
3577 11
3600 11
3601 12
3602 12
3603 12
3604 11
3605 11
3606 17
3607 12
3610 13
3611 11
3612 12
3613 12
3614 11
3615 11
3616 16
3617 12
3620 13
3621 13
3622 11
3623 12
3624 11
3625 11
3626 15
3627 12
3630 13
3631 13
3632 13
3633 12
3634 12
3635 12
3636 15
3637 13
3640 12
3641 12
3642 12
3643 13
3644 10
3645 10
3646 12
3647 11
3650 12
3651 12
3652 12
3653 13
3654 11
3655 10
3656 11
3657 11
3660 12
3661 12
3662 12
3663 13
3664 11
3665 11
3666 11
3667 12
3670 13
3671 13
3672 13
3673 14
3674 12
3675 12
3676 12
3677 11
3700 12
3701 13
3702 13
3703 13
3704 12
3705 12
3706 12
3707 19
3710 14
3711 12
3712 13
3713 13
3714 12
3715 12
3716 12
3717 18
3720 14
3721 14
3722 12
3723 13
3724 12
3725 12
3726 12
3727 17
3730 14
3731 14
3732 14
3733 13
3734 13
3735 13
3736 13
3737 17
3740 13
3741 13
3742 13
3743 14
3744 11
3745 11
3746 11
3747 14
3750 13
3751 13
3752 13
3753 14
3754 12
3755 11
3756 11
3757 13
3760 13
3761 13
3762 13
3763 14
3764 12
3765 12
3766 11
3767 12
3770 13
3771 13
3772 13
3773 14
3774 12
3775 12
3776 12
3777 12
4000 8
4001 8
4002 8
4003 8
4004 13
4005 9
4006 10
4007 11
4010 9
4011 8
4012 8
4013 8
4014 12
4015 9
4016 10
4017 11
4020 9
4021 9
4022 8
4023 8
4024 11
4025 9
4026 10
4027 11
4030 9
4031 9
4032 9
4033 8
4034 10
4035 9
4036 10
4037 11
4040 13
4041 13
4042 13
4043 13
4044 17
4045 18
4046 19
4047 20
4050 10
4051 10
4052 10
4053 10
4054 18
4055 9
4056 10
4057 11
4060 11
4061 11
4062 11
4063 11
4064 19
4065 10
4066 10
4067 11
4070 12
4071 12
4072 12
4073 12
4074 20
4075 11
4076 11
4077 11
4100 9
4101 9
4102 9
4103 9
4104 14
4105 10
4106 11
4107 12
4110 10
4111 8
4112 8
4113 8
4114 12
4115 9
4116 10
4117 11
4120 10
4121 9
4122 8
4123 8
4124 11
4125 9
4126 10
4127 11
4130 10
4131 9
4132 9
4133 8
4134 10
4135 9
4136 10
4137 11
4140 13
4141 12
4142 12
4143 12
4144 15
4145 16
4146 17
4147 18
4150 11
4151 10
4152 10
4153 10
4154 16
4155 9
4156 10
4157 11
4160 12
4161 11
4162 11
4163 11
4164 17
4165 10
4166 10
4167 11
4170 13
4171 12
4172 12
4173 12
4174 18
4175 11
4176 11
4177 11
4200 9
4201 10
4202 9
4203 9
4204 14
4205 10
4206 11
4207 12
4210 11
4211 9
4212 9
4213 9
4214 13
4215 10
4216 11
4217 12
4220 10
4221 10
4222 8
4223 8
4224 11
4225 9
4226 10
4227 11
4230 10
4231 10
4232 9
4233 8
4234 10
4235 9
4236 10
4237 11
4240 12
4241 12
4242 11
4243 11
4244 13
4245 14
4246 15
4247 16
4250 11
4251 11
4252 10
4253 10
4254 14
4255 9
4256 10
4257 11
4260 12
4261 12
4262 11
4263 11
4264 15
4265 10
4266 10
4267 11
4270 13
4271 13
4272 12
4273 12
4274 16
4275 11
4276 11
4277 11
4300 9
4301 10
4302 10
4303 9
4304 14
4305 10
4306 11
4307 12
4310 11
4311 9
4312 10
4313 9
4314 13
4315 10
4316 11
4317 12
4320 11
4321 11
4322 9
4323 9
4324 12
4325 10
4326 11
4327 12
4330 10
4331 10
4332 10
4333 8
4334 10
4335 9
4336 10
4337 11
4340 11
4341 11
4342 11
4343 10
4344 11
4345 12
4346 13
4347 14
4350 11
4351 11
4352 11
4353 10
4354 12
4355 9
4356 10
4357 11
4360 12
4361 12
4362 12
4363 11
4364 13
4365 10
4366 10
4367 11
4370 13
4371 13
4372 13
4373 12
4374 14
4375 11
4376 11
4377 11
4400 9
4401 10
4402 10
4403 10
4404 14
4405 11
4406 12
4407 13
4410 11
4411 9
4412 10
4413 10
4414 13
4415 11
4416 12
4417 13
4420 11
4421 11
4422 9
4423 10
4424 12
4425 11
4426 12
4427 13
4430 11
4431 11
4432 11
4433 9
4434 11
4435 11
4436 12
4437 13
4440 11
4441 11
4442 11
4443 11
4444 11
4445 12
4446 13
4447 14
4450 12
4451 12
4452 12
4453 12
4454 12
4455 11
4456 12
4457 13
4460 13
4461 13
4462 13
4463 13
4464 13
4465 12
4466 12
4467 13
4470 14
4471 14
4472 14
4473 14
4474 14
4475 13
4476 13
4477 13
4500 10
4501 11
4502 11
4503 11
4504 11
4505 15
4506 11
4507 12
4510 12
4511 10
4512 11
4513 11
4514 11
4515 14
4516 11
4517 12
4520 12
4521 12
4522 10
4523 11
4524 11
4525 13
4526 11
4527 12
4530 12
4531 12
4532 12
4533 10
4534 11
4535 12
4536 11
4537 12
4540 12
4541 12
4542 12
4543 12
4544 11
4545 12
4546 12
4547 13
4550 11
4551 11
4552 11
4553 11
4554 12
4555 10
4556 11
4557 12
4560 12
4561 12
4562 12
4563 12
4564 13
4565 11
4566 10
4567 11
4570 13
4571 13
4572 13
4573 13
4574 14
4575 12
4576 11
4577 11
4600 11
4601 12
4602 12
4603 12
4604 12
4605 11
4606 17
4607 12
4610 13
4611 11
4612 12
4613 12
4614 12
4615 11
4616 16
4617 12
4620 13
4621 13
4622 11
4623 12
4624 12
4625 11
4626 15
4627 12
4630 13
4631 13
4632 13
4633 11
4634 12
4635 11
4636 14
4637 12
4640 13
4641 13
4642 13
4643 13
4644 12
4645 12
4646 14
4647 13
4650 12
4651 12
4652 12
4653 12
4654 13
4655 10
4656 11
4657 11
4660 12
4661 12
4662 12
4663 12
4664 13
4665 11
4666 11
4667 12
4670 13
4671 13
4672 13
4673 13
4674 14
4675 12
4676 12
4677 11
4700 12
4701 13
4702 13
4703 13
4704 13
4705 12
4706 12
4707 19
4710 14
4711 12
4712 13
4713 13
4714 13
4715 12
4716 12
4717 18
4720 14
4721 14
4722 12
4723 13
4724 13
4725 12
4726 12
4727 17
4730 14
4731 14
4732 14
4733 12
4734 13
4735 12
4736 12
4737 16
4740 14
4741 14
4742 14
4743 14
4744 13
4745 13
4746 13
4747 16
4750 13
4751 13
4752 13
4753 13
4754 14
4755 11
4756 11
4757 13
4760 13
4761 13
4762 13
4763 13
4764 14
4765 12
4766 11
4767 12
4770 13
4771 13
4772 13
4773 13
4774 14
4775 12
4776 12
4777 12
5000 9
5001 9
5002 9
5003 9
5004 9
5005 15
5006 10
5007 11
5010 10
5011 9
5012 9
5013 9
5014 9
5015 14
5016 10
5017 11
5020 10
5021 10
5022 9
5023 9
5024 9
5025 13
5026 10
5027 11
5030 10
5031 10
5032 10
5033 9
5034 9
5035 12
5036 10
5037 11
5040 10
5041 10
5042 10
5043 10
5044 9
5045 11
5046 10
5047 11
5050 15
5051 15
5052 15
5053 15
5054 15
5055 20
5056 21
5057 22
5060 11
5061 11
5062 11
5063 11
5064 11
5065 21
5066 10
5067 11
5070 12
5071 12
5072 12
5073 12
5074 12
5075 22
5076 11
5077 11
5100 10
5101 10
5102 10
5103 10
5104 10
5105 16
5106 11
5107 12
5110 11
5111 9
5112 9
5113 9
5114 9
5115 14
5116 10
5117 11
5120 11
5121 10
5122 9
5123 9
5124 9
5125 13
5126 10
5127 11
5130 11
5131 10
5132 10
5133 9
5134 9
5135 12
5136 10
5137 11
5140 11
5141 10
5142 10
5143 10
5144 9
5145 11
5146 10
5147 11
5150 15
5151 14
5152 14
5153 14
5154 14
5155 18
5156 19
5157 20
5160 12
5161 11
5162 11
5163 11
5164 11
5165 19
5166 10
5167 11
5170 13
5171 12
5172 12
5173 12
5174 12
5175 20
5176 11
5177 11
5200 10
5201 11
5202 10
5203 10
5204 10
5205 16
5206 11
5207 12
5210 12
5211 10
5212 10
5213 10
5214 10
5215 15
5216 11
5217 12
5220 11
5221 11
5222 9
5223 9
5224 9
5225 13
5226 10
5227 11
5230 11
5231 11
5232 10
5233 9
5234 9
5235 12
5236 10
5237 11
5240 11
5241 11
5242 10
5243 10
5244 9
5245 11
5246 10
5247 11
5250 14
5251 14
5252 13
5253 13
5254 13
5255 16
5256 17
5257 18
5260 12
5261 12
5262 11
5263 11
5264 11
5265 17
5266 10
5267 11
5270 13
5271 13
5272 12
5273 12
5274 12
5275 18
5276 11
5277 11
5300 10
5301 11
5302 11
5303 10
5304 10
5305 16
5306 11
5307 12
5310 12
5311 10
5312 11
5313 10
5314 10
5315 15
5316 11
5317 12
5320 12
5321 12
5322 10
5323 10
5324 10
5325 14
5326 11
5327 12
5330 11
5331 11
5332 11
5333 9
5334 9
5335 12
5336 10
5337 11
5340 11
5341 11
5342 11
5343 10
5344 9
5345 11
5346 10
5347 11
5350 13
5351 13
5352 13
5353 12
5354 12
5355 14
5356 15
5357 16
5360 12
5361 12
5362 12
5363 11
5364 11
5365 15
5366 10
5367 11
5370 13
5371 13
5372 13
5373 12
5374 12
5375 16
5376 11
5377 11
5400 10
5401 11
5402 11
5403 11
5404 10
5405 16
5406 11
5407 12
5410 12
5411 10
5412 11
5413 11
5414 10
5415 15
5416 11
5417 12
5420 12
5421 12
5422 10
5423 11
5424 10
5425 14
5426 11
5427 12
5430 12
5431 12
5432 12
5433 10
5434 10
5435 13
5436 11
5437 12
5440 11
5441 11
5442 11
5443 11
5444 9
5445 11
5446 10
5447 11
5450 12
5451 12
5452 12
5453 12
5454 11
5455 12
5456 13
5457 14
5460 12
5461 12
5462 12
5463 12
5464 11
5465 13
5466 10
5467 11
5470 13
5471 13
5472 13
5473 13
5474 12
5475 14
5476 11
5477 11
5500 10
5501 11
5502 11
5503 11
5504 11
5505 16
5506 12
5507 13
5510 12
5511 10
5512 11
5513 11
5514 11
5515 15
5516 12
5517 13
5520 12
5521 12
5522 10
5523 11
5524 11
5525 14
5526 12
5527 13
5530 12
5531 12
5532 12
5533 10
5534 11
5535 13
5536 12
5537 13
5540 12
5541 12
5542 12
5543 12
5544 10
5545 12
5546 12
5547 13
5550 12
5551 12
5552 12
5553 12
5554 12
5555 12
5556 13
5557 14
5560 13
5561 13
5562 13
5563 13
5564 13
5565 13
5566 12
5567 13
5570 14
5571 14
5572 14
5573 14
5574 14
5575 14
5576 13
5577 13
5600 11
5601 12
5602 12
5603 12
5604 12
5605 12
5606 17
5607 12
5610 13
5611 11
5612 12
5613 12
5614 12
5615 12
5616 16
5617 12
5620 13
5621 13
5622 11
5623 12
5624 12
5625 12
5626 15
5627 12
5630 13
5631 13
5632 13
5633 11
5634 12
5635 12
5636 14
5637 12
5640 13
5641 13
5642 13
5643 13
5644 11
5645 12
5646 13
5647 12
5650 13
5651 13
5652 13
5653 13
5654 13
5655 12
5656 13
5657 13
5660 12
5661 12
5662 12
5663 12
5664 12
5665 13
5666 11
5667 12
5670 13
5671 13
5672 13
5673 13
5674 13
5675 14
5676 12
5677 11
5700 12
5701 13
5702 13
5703 13
5704 13
5705 13
5706 12
5707 19
5710 14
5711 12
5712 13
5713 13
5714 13
5715 13
5716 12
5717 18
5720 14
5721 14
5722 12
5723 13
5724 13
5725 13
5726 12
5727 17
5730 14
5731 14
5732 14
5733 12
5734 13
5735 13
5736 12
5737 16
5740 14
5741 14
5742 14
5743 14
5744 12
5745 13
5746 12
5747 15
5750 14
5751 14
5752 14
5753 14
5754 14
5755 13
5756 13
5757 15
5760 13
5761 13
5762 13
5763 13
5764 13
5765 14
5766 11
5767 12
5770 13
5771 13
5772 13
5773 13
5774 13
5775 14
5776 12
5777 12
6000 10
6001 10
6002 10
6003 10
6004 10
6005 10
6006 17
6007 11
6010 11
6011 10
6012 10
6013 10
6014 10
6015 10
6016 16
6017 11
6020 11
6021 11
6022 10
6023 10
6024 10
6025 10
6026 15
6027 11
6030 11
6031 11
6032 11
6033 10
6034 10
6035 10
6036 14
6037 11
6040 11
6041 11
6042 11
6043 11
6044 10
6045 10
6046 13
6047 11
6050 11
6051 11
6052 11
6053 11
6054 11
6055 10
6056 12
6057 11
6060 17
6061 17
6062 17
6063 17
6064 17
6065 17
6066 23
6067 24
6070 12
6071 12
6072 12
6073 12
6074 12
6075 12
6076 24
6077 11
6100 11
6101 11
6102 11
6103 11
6104 11
6105 11
6106 18
6107 12
6110 12
6111 10
6112 10
6113 10
6114 10
6115 10
6116 16
6117 11
6120 12
6121 11
6122 10
6123 10
6124 10
6125 10
6126 15
6127 11
6130 12
6131 11
6132 11
6133 10
6134 10
6135 10
6136 14
6137 11
6140 12
6141 11
6142 11
6143 11
6144 10
6145 10
6146 13
6147 11
6150 12
6151 11
6152 11
6153 11
6154 11
6155 10
6156 12
6157 11
6160 17
6161 16
6162 16
6163 16
6164 16
6165 16
6166 21
6167 22
6170 13
6171 12
6172 12
6173 12
6174 12
6175 12
6176 22
6177 11
6200 11
6201 12
6202 11
6203 11
6204 11
6205 11
6206 18
6207 12
6210 13
6211 11
6212 11
6213 11
6214 11
6215 11
6216 17
6217 12
6220 12
6221 12
6222 10
6223 10
6224 10
6225 10
6226 15
6227 11
6230 12
6231 12
6232 11
6233 10
6234 10
6235 10
6236 14
6237 11
6240 12
6241 12
6242 11
6243 11
6244 10
6245 10
6246 13
6247 11
6250 12
6251 12
6252 11
6253 11
6254 11
6255 10
6256 12
6257 11
6260 16
6261 16
6262 15
6263 15
6264 15
6265 15
6266 19
6267 20
6270 13
6271 13
6272 12
6273 12
6274 12
6275 12
6276 20
6277 11
6300 11
6301 12
6302 12
6303 11
6304 11
6305 11
6306 18
6307 12
6310 13
6311 11
6312 12
6313 11
6314 11
6315 11
6316 17
6317 12
6320 13
6321 13
6322 11
6323 11
6324 11
6325 11
6326 16
6327 12
6330 12
6331 12
6332 12
6333 10
6334 10
6335 10
6336 14
6337 11
6340 12
6341 12
6342 12
6343 11
6344 10
6345 10
6346 13
6347 11
6350 12
6351 12
6352 12
6353 11
6354 11
6355 10
6356 12
6357 11
6360 15
6361 15
6362 15
6363 14
6364 14
6365 14
6366 17
6367 18
6370 13
6371 13
6372 13
6373 12
6374 12
6375 12
6376 18
6377 11
6400 11
6401 12
6402 12
6403 12
6404 11
6405 11
6406 18
6407 12
6410 13
6411 11
6412 12
6413 12
6414 11
6415 11
6416 17
6417 12
6420 13
6421 13
6422 11
6423 12
6424 11
6425 11
6426 16
6427 12
6430 13
6431 13
6432 13
6433 11
6434 11
6435 11
6436 15
6437 12
6440 12
6441 12
6442 12
6443 12
6444 10
6445 10
6446 13
6447 11
6450 12
6451 12
6452 12
6453 12
6454 11
6455 10
6456 12
6457 11
6460 14
6461 14
6462 14
6463 14
6464 13
6465 13
6466 15
6467 16
6470 13
6471 13
6472 13
6473 13
6474 12
6475 12
6476 16
6477 11
6500 11
6501 12
6502 12
6503 12
6504 12
6505 11
6506 18
6507 12
6510 13
6511 11
6512 12
6513 12
6514 12
6515 11
6516 17
6517 12
6520 13
6521 13
6522 11
6523 12
6524 12
6525 11
6526 16
6527 12
6530 13
6531 13
6532 13
6533 11
6534 12
6535 11
6536 15
6537 12
6540 13
6541 13
6542 13
6543 13
6544 11
6545 11
6546 14
6547 12
6550 12
6551 12
6552 12
6553 12
6554 12
6555 10
6556 12
6557 11
6560 13
6561 13
6562 13
6563 13
6564 13
6565 12
6566 13
6567 14
6570 13
6571 13
6572 13
6573 13
6574 13
6575 12
6576 14
6577 11
6600 11
6601 12
6602 12
6603 12
6604 12
6605 12
6606 18
6607 13
6610 13
6611 11
6612 12
6613 12
6614 12
6615 12
6616 17
6617 13
6620 13
6621 13
6622 11
6623 12
6624 12
6625 12
6626 16
6627 13
6630 13
6631 13
6632 13
6633 11
6634 12
6635 12
6636 15
6637 13
6640 13
6641 13
6642 13
6643 13
6644 11
6645 12
6646 14
6647 13
6650 13
6651 13
6652 13
6653 13
6654 13
6655 11
6656 13
6657 13
6660 13
6661 13
6662 13
6663 13
6664 13
6665 13
6666 13
6667 14
6670 14
6671 14
6672 14
6673 14
6674 14
6675 14
6676 14
6677 13
6700 12
6701 13
6702 13
6703 13
6704 13
6705 13
6706 13
6707 19
6710 14
6711 12
6712 13
6713 13
6714 13
6715 13
6716 13
6717 18
6720 14
6721 14
6722 12
6723 13
6724 13
6725 13
6726 13
6727 17
6730 14
6731 14
6732 14
6733 12
6734 13
6735 13
6736 13
6737 16
6740 14
6741 14
6742 14
6743 14
6744 12
6745 13
6746 13
6747 15
6750 14
6751 14
6752 14
6753 14
6754 14
6755 12
6756 13
6757 14
6760 14
6761 14
6762 14
6763 14
6764 14
6765 14
6766 13
6767 14
6770 13
6771 13
6772 13
6773 13
6774 13
6775 13
6776 14
6777 12
7000 11
7001 11
7002 11
7003 11
7004 11
7005 11
7006 11
7007 19
7010 12
7011 11
7012 11
7013 11
7014 11
7015 11
7016 11
7017 18
7020 12
7021 12
7022 11
7023 11
7024 11
7025 11
7026 11
7027 17
7030 12
7031 12
7032 12
7033 11
7034 11
7035 11
7036 11
7037 16
7040 12
7041 12
7042 12
7043 12
7044 11
7045 11
7046 11
7047 15
7050 12
7051 12
7052 12
7053 12
7054 12
7055 11
7056 11
7057 14
7060 12
7061 12
7062 12
7063 12
7064 12
7065 12
7066 11
7067 13
7070 19
7071 19
7072 19
7073 19
7074 19
7075 19
7076 19
7077 26
7100 12
7101 12
7102 12
7103 12
7104 12
7105 12
7106 12
7107 20
7110 13
7111 11
7112 11
7113 11
7114 11
7115 11
7116 11
7117 18
7120 13
7121 12
7122 11
7123 11
7124 11
7125 11
7126 11
7127 17
7130 13
7131 12
7132 12
7133 11
7134 11
7135 11
7136 11
7137 16
7140 13
7141 12
7142 12
7143 12
7144 11
7145 11
7146 11
7147 15
7150 13
7151 12
7152 12
7153 12
7154 12
7155 11
7156 11
7157 14
7160 13
7161 12
7162 12
7163 12
7164 12
7165 12
7166 11
7167 13
7170 19
7171 18
7172 18
7173 18
7174 18
7175 18
7176 18
7177 24
7200 12
7201 13
7202 12
7203 12
7204 12
7205 12
7206 12
7207 20
7210 14
7211 12
7212 12
7213 12
7214 12
7215 12
7216 12
7217 19
7220 13
7221 13
7222 11
7223 11
7224 11
7225 11
7226 11
7227 17
7230 13
7231 13
7232 12
7233 11
7234 11
7235 11
7236 11
7237 16
7240 13
7241 13
7242 12
7243 12
7244 11
7245 11
7246 11
7247 15
7250 13
7251 13
7252 12
7253 12
7254 12
7255 11
7256 11
7257 14
7260 13
7261 13
7262 12
7263 12
7264 12
7265 12
7266 11
7267 13
7270 18
7271 18
7272 17
7273 17
7274 17
7275 17
7276 17
7277 22
7300 12
7301 13
7302 13
7303 12
7304 12
7305 12
7306 12
7307 20
7310 14
7311 12
7312 13
7313 12
7314 12
7315 12
7316 12
7317 19
7320 14
7321 14
7322 12
7323 12
7324 12
7325 12
7326 12
7327 18
7330 13
7331 13
7332 13
7333 11
7334 11
7335 11
7336 11
7337 16
7340 13
7341 13
7342 13
7343 12
7344 11
7345 11
7346 11
7347 15
7350 13
7351 13
7352 13
7353 12
7354 12
7355 11
7356 11
7357 14
7360 13
7361 13
7362 13
7363 12
7364 12
7365 12
7366 11
7367 13
7370 17
7371 17
7372 17
7373 16
7374 16
7375 16
7376 16
7377 20
7400 12
7401 13
7402 13
7403 13
7404 12
7405 12
7406 12
7407 20
7410 14
7411 12
7412 13
7413 13
7414 12
7415 12
7416 12
7417 19
7420 14
7421 14
7422 12
7423 13
7424 12
7425 12
7426 12
7427 18
7430 14
7431 14
7432 14
7433 12
7434 12
7435 12
7436 12
7437 17
7440 13
7441 13
7442 13
7443 13
7444 11
7445 11
7446 11
7447 15
7450 13
7451 13
7452 13
7453 13
7454 12
7455 11
7456 11
7457 14
7460 13
7461 13
7462 13
7463 13
7464 12
7465 12
7466 11
7467 13
7470 16
7471 16
7472 16
7473 16
7474 15
7475 15
7476 15
7477 18
7500 12
7501 13
7502 13
7503 13
7504 13
7505 12
7506 12
7507 20
7510 14
7511 12
7512 13
7513 13
7514 13
7515 12
7516 12
7517 19
7520 14
7521 14
7522 12
7523 13
7524 13
7525 12
7526 12
7527 18
7530 14
7531 14
7532 14
7533 12
7534 13
7535 12
7536 12
7537 17
7540 14
7541 14
7542 14
7543 14
7544 12
7545 12
7546 12
7547 16
7550 13
7551 13
7552 13
7553 13
7554 13
7555 11
7556 11
7557 14
7560 13
7561 13
7562 13
7563 13
7564 13
7565 12
7566 11
7567 13
7570 15
7571 15
7572 15
7573 15
7574 15
7575 14
7576 14
7577 16
7600 12
7601 13
7602 13
7603 13
7604 13
7605 13
7606 12
7607 20
7610 14
7611 12
7612 13
7613 13
7614 13
7615 13
7616 12
7617 19
7620 14
7621 14
7622 12
7623 13
7624 13
7625 13
7626 12
7627 18
7630 14
7631 14
7632 14
7633 12
7634 13
7635 13
7636 12
7637 17
7640 14
7641 14
7642 14
7643 14
7644 12
7645 13
7646 12
7647 16
7650 14
7651 14
7652 14
7653 14
7654 14
7655 12
7656 12
7657 15
7660 13
7661 13
7662 13
7663 13
7664 13
7665 13
7666 11
7667 13
7670 14
7671 14
7672 14
7673 14
7674 14
7675 14
7676 13
7677 14
7700 12
7701 13
7702 13
7703 13
7704 13
7705 13
7706 13
7707 20
7710 14
7711 12
7712 13
7713 13
7714 13
7715 13
7716 13
7717 19
7720 14
7721 14
7722 12
7723 13
7724 13
7725 13
7726 13
7727 18
7730 14
7731 14
7732 14
7733 12
7734 13
7735 13
7736 13
7737 17
7740 14
7741 14
7742 14
7743 14
7744 12
7745 13
7746 13
7747 16
7750 14
7751 14
7752 14
7753 14
7754 14
7755 12
7756 13
7757 15
7760 14
7761 14
7762 14
7763 14
7764 14
7765 14
7766 12
7767 14
7770 14
7771 14
7772 14
7773 14
7774 14
7775 14
7776 14
7777 14
