0 7
1 8
2 9
3 10
4 11
5 12
6 13
7 14
8 15
9 16
10 8
11 7
12 8
13 9
14 10
15 11
16 12
17 13
18 14
19 15
20 9
21 8
22 8
23 9
24 10
25 11
26 12
27 13
28 14
29 15
30 10
31 9
32 9
33 9
34 10
35 11
36 12
37 13
38 14
39 15
40 11
41 10
42 10
43 10
44 10
45 11
46 12
47 13
48 14
49 15
50 12
51 11
52 11
53 11
54 11
55 11
56 12
57 13
58 14
59 15
60 13
61 12
62 12
63 12
64 12
65 12
66 12
67 13
68 14
69 15
70 14
71 13
72 13
73 13
74 13
75 13
76 13
77 13
78 14
79 15
80 15
81 14
82 14
83 14
84 14
85 14
86 14
87 14
88 14
89 15
90 16
91 15
92 15
93 15
94 15
95 15
96 15
97 15
98 15
99 15
100 7
101 8
102 8
103 9
104 10
105 11
106 12
107 13
108 14
109 15
110 8
111 6
112 7
113 8
114 9
115 10
116 11
117 12
118 13
119 14
120 9
121 7
122 6
123 7
124 8
125 9
126 10
127 11
128 12
129 13
130 10
131 8
132 7
133 7
134 8
135 9
136 10
137 11
138 12
139 13
140 11
141 9
142 8
143 8
144 8
145 9
146 10
147 11
148 12
149 13
150 12
151 10
152 9
153 9
154 9
155 9
156 10
157 11
158 12
159 13
160 13
161 11
162 10
163 10
164 10
165 10
166 10
167 11
168 12
169 13
170 14
171 12
172 11
173 11
174 11
175 11
176 11
177 11
178 12
179 13
180 15
181 13
182 12
183 12
184 12
185 12
186 12
187 12
188 12
189 13
190 16
191 14
192 13
193 13
194 13
195 13
196 13
197 13
198 13
199 13
200 8
201 8
202 10
203 9
204 10
205 11
206 12
207 13
208 14
209 15
210 9
211 6
212 7
213 7
214 8
215 9
216 10
217 11
218 12
219 13
220 9
221 7
222 7
223 8
224 9
225 10
226 11
227 12
228 13
229 14
230 10
231 8
232 8
233 7
234 8
235 9
236 10
237 11
238 12
239 13
240 11
241 9
242 9
243 8
244 8
245 9
246 10
247 11
248 12
249 13
250 12
251 10
252 10
253 9
254 9
255 9
256 10
257 11
258 12
259 13
260 13
261 11
262 11
263 10
264 10
265 10
266 10
267 11
268 12
269 13
270 14
271 12
272 12
273 11
274 11
275 11
276 11
277 11
278 12
279 13
280 15
281 13
282 13
283 12
284 12
285 12
286 12
287 12
288 12
289 13
290 16
291 14
292 14
293 13
294 13
295 13
296 13
297 13
298 13
299 13
300 9
301 9
302 9
303 12
304 10
305 11
306 12
307 13
308 14
309 15
310 10
311 7
312 7
313 9
314 8
315 9
316 10
317 11
318 12
319 13
320 10
321 8
322 7
323 8
324 8
325 9
326 10
327 11
328 12
329 13
330 10
331 8
332 8
333 8
334 9
335 10
336 11
337 12
338 13
339 14
340 11
341 9
342 9
343 9
344 8
345 9
346 10
347 11
348 12
349 13
350 12
351 10
352 10
353 10
354 9
355 9
356 10
357 11
358 12
359 13
360 13
361 11
362 11
363 11
364 10
365 10
366 10
367 11
368 12
369 13
370 14
371 12
372 12
373 12
374 11
375 11
376 11
377 11
378 12
379 13
380 15
381 13
382 13
383 13
384 12
385 12
386 12
387 12
388 12
389 13
390 16
391 14
392 14
393 14
394 13
395 13
396 13
397 13
398 13
399 13
400 10
401 10
402 10
403 10
404 14
405 11
406 12
407 13
408 14
409 15
410 11
411 8
412 8
413 8
414 11
415 9
416 10
417 11
418 12
419 13
420 11
421 9
422 8
423 8
424 10
425 9
426 10
427 11
428 12
429 13
430 11
431 9
432 9
433 8
434 9
435 9
436 10
437 11
438 12
439 13
440 11
441 9
442 9
443 9
444 9
445 10
446 11
447 12
448 13
449 14
450 12
451 10
452 10
453 10
454 10
455 9
456 10
457 11
458 12
459 13
460 13
461 11
462 11
463 11
464 11
465 10
466 10
467 11
468 12
469 13
470 14
471 12
472 12
473 12
474 12
475 11
476 11
477 11
478 12
479 13
480 15
481 13
482 13
483 13
484 13
485 12
486 12
487 12
488 12
489 13
490 16
491 14
492 14
493 14
494 14
495 13
496 13
497 13
498 13
499 13
500 11
501 11
502 11
503 11
504 11
505 16
506 12
507 13
508 14
509 15
510 12
511 9
512 9
513 9
514 9
515 13
516 10
517 11
518 12
519 13
520 12
521 10
522 9
523 9
524 9
525 12
526 10
527 11
528 12
529 13
530 12
531 10
532 10
533 9
534 9
535 11
536 10
537 11
538 12
539 13
540 12
541 10
542 10
543 10
544 9
545 10
546 10
547 11
548 12
549 13
550 12
551 10
552 10
553 10
554 10
555 10
556 11
557 12
558 13
559 14
560 13
561 11
562 11
563 11
564 11
565 11
566 10
567 11
568 12
569 13
570 14
571 12
572 12
573 12
574 12
575 12
576 11
577 11
578 12
579 13
580 15
581 13
582 13
583 13
584 13
585 13
586 12
587 12
588 12
589 13
590 16
591 14
592 14
593 14
594 14
595 14
596 13
597 13
598 13
599 13
600 12
601 12
602 12
603 12
604 12
605 12
606 18
607 13
608 14
609 15
610 13
611 10
612 10
613 10
614 10
615 10
616 15
617 11
618 12
619 13
620 13
621 11
622 10
623 10
624 10
625 10
626 14
627 11
628 12
629 13
630 13
631 11
632 11
633 10
634 10
635 10
636 13
637 11
638 12
639 13
640 13
641 11
642 11
643 11
644 10
645 10
646 12
647 11
648 12
649 13
650 13
651 11
652 11
653 11
654 11
655 10
656 11
657 11
658 12
659 13
660 13
661 11
662 11
663 11
664 11
665 11
666 11
667 12
668 13
669 14
670 14
671 12
672 12
673 12
674 12
675 12
676 12
677 11
678 12
679 13
680 15
681 13
682 13
683 13
684 13
685 13
686 13
687 12
688 12
689 13
690 16
691 14
692 14
693 14
694 14
695 14
696 14
697 13
698 13
699 13
700 13
701 13
702 13
703 13
704 13
705 13
706 13
707 20
708 14
709 15
710 14
711 11
712 11
713 11
714 11
715 11
716 11
717 17
718 12
719 13
720 14
721 12
722 11
723 11
724 11
725 11
726 11
727 16
728 12
729 13
730 14
731 12
732 12
733 11
734 11
735 11
736 11
737 15
738 12
739 13
740 14
741 12
742 12
743 12
744 11
745 11
746 11
747 14
748 12
749 13
750 14
751 12
752 12
753 12
754 12
755 11
756 11
757 13
758 12
759 13
760 14
761 12
762 12
763 12
764 12
765 12
766 11
767 12
768 12
769 13
770 14
771 12
772 12
773 12
774 12
775 12
776 12
777 12
778 13
779 14
780 15
781 13
782 13
783 13
784 13
785 13
786 13
787 13
788 12
789 13
790 16
791 14
792 14
793 14
794 14
795 14
796 14
797 14
798 13
799 13
800 14
801 14
802 14
803 14
804 14
805 14
806 14
807 14
808 22
809 15
810 15
811 12
812 12
813 12
814 12
815 12
816 12
817 12
818 19
819 13
820 15
821 13
822 12
823 12
824 12
825 12
826 12
827 12
828 18
829 13
830 15
831 13
832 13
833 12
834 12
835 12
836 12
837 12
838 17
839 13
840 15
841 13
842 13
843 13
844 12
845 12
846 12
847 12
848 16
849 13
850 15
851 13
852 13
853 13
854 13
855 12
856 12
857 12
858 15
859 13
860 15
861 13
862 13
863 13
864 13
865 13
866 12
867 12
868 14
869 13
870 15
871 13
872 13
873 13
874 13
875 13
876 13
877 12
878 13
879 13
880 15
881 13
882 13
883 13
884 13
885 13
886 13
887 13
888 13
889 14
890 16
891 14
892 14
893 14
894 14
895 14
896 14
897 14
898 14
899 13
900 15
901 15
902 15
903 15
904 15
905 15
906 15
907 15
908 15
909 24
910 16
911 13
912 13
913 13
914 13
915 13
916 13
917 13
918 13
919 21
920 16
921 14
922 13
923 13
924 13
925 13
926 13
927 13
928 13
929 20
930 16
931 14
932 14
933 13
934 13
935 13
936 13
937 13
938 13
939 19
940 16
941 14
942 14
943 14
944 13
945 13
946 13
947 13
948 13
949 18
950 16
951 14
952 14
953 14
954 14
955 13
956 13
957 13
958 13
959 17
960 16
961 14
962 14
963 14
964 14
965 14
966 13
967 13
968 13
969 16
970 16
971 14
972 14
973 14
974 14
975 14
976 14
977 13
978 13
979 15
980 16
981 14
982 14
983 14
984 14
985 14
986 14
987 14
988 13
989 14
990 16
991 14
992 14
993 14
994 14
995 14
996 14
997 14
998 14
999 14
1000 5
1001 7
1002 6
1003 7
1004 8
1005 9
1006 10
1007 11
1008 12
1009 13
1010 7
1011 8
1012 9
1013 10
1014 11
1015 12
1016 13
1017 14
1018 15
1019 16
1020 7
1021 9
1022 6
1023 7
1024 8
1025 9
1026 10
1027 11
1028 12
1029 13
1030 8
1031 10
1032 7
1033 7
1034 8
1035 9
1036 10
1037 11
1038 12
1039 13
1040 9
1041 11
1042 8
1043 8
1044 8
1045 9
1046 10
1047 11
1048 12
1049 13
1050 10
1051 12
1052 9
1053 9
1054 9
1055 9
1056 10
1057 11
1058 12
1059 13
1060 11
1061 13
1062 10
1063 10
1064 10
1065 10
1066 10
1067 11
1068 12
1069 13
1070 12
1071 14
1072 11
1073 11
1074 11
1075 11
1076 11
1077 11
1078 12
1079 13
1080 13
1081 15
1082 12
1083 12
1084 12
1085 12
1086 12
1087 12
1088 12
1089 13
1090 14
1091 16
1092 13
1093 13
1094 13
1095 13
1096 13
1097 13
1098 13
1099 13
1100 6
1101 8
1102 8
1103 9
1104 10
1105 11
1106 12
1107 13
1108 14
1109 15
1110 8
1111 8
1112 9
1113 10
1114 11
1115 12
1116 13
1117 14
1118 15
1119 16
1120 9
1121 9
1122 8
1123 9
1124 10
1125 11
1126 12
1127 13
1128 14
1129 15
1130 10
1131 10
1132 9
1133 9
1134 10
1135 11
1136 12
1137 13
1138 14
1139 15
1140 11
1141 11
1142 10
1143 10
1144 10
1145 11
1146 12
1147 13
1148 14
1149 15
1150 12
1151 12
1152 11
1153 11
1154 11
1155 11
1156 12
1157 13
1158 14
1159 15
1160 13
1161 13
1162 12
1163 12
1164 12
1165 12
1166 12
1167 13
1168 14
1169 15
1170 14
1171 14
1172 13
1173 13
1174 13
1175 13
1176 13
1177 13
1178 14
1179 15
1180 15
1181 15
1182 14
1183 14
1184 14
1185 14
1186 14
1187 14
1188 14
1189 15
1190 16
1191 16
1192 15
1193 15
1194 15
1195 15
1196 15
1197 15
1198 15
1199 15
1200 7
1201 8
1202 9
1203 8
1204 9
1205 10
1206 11
1207 12
1208 13
1209 14
1210 9
1211 8
1212 9
1213 9
1214 10
1215 11
1216 12
1217 13
1218 14
1219 15
1220 8
1221 9
1222 7
1223 8
1224 9
1225 10
1226 11
1227 12
1228 13
1229 14
1230 9
1231 10
1232 8
1233 7
1234 8
1235 9
1236 10
1237 11
1238 12
1239 13
1240 10
1241 11
1242 9
1243 8
1244 8
1245 9
1246 10
1247 11
1248 12
1249 13
1250 11
1251 12
1252 10
1253 9
1254 9
1255 9
1256 10
1257 11
1258 12
1259 13
1260 12
1261 13
1262 11
1263 10
1264 10
1265 10
1266 10
1267 11
1268 12
1269 13
1270 13
1271 14
1272 12
1273 11
1274 11
1275 11
1276 11
1277 11
1278 12
1279 13
1280 14
1281 15
1282 13
1283 12
1284 12
1285 12
1286 12
1287 12
1288 12
1289 13
1290 15
1291 16
1292 14
1293 13
1294 13
1295 13
1296 13
1297 13
1298 13
1299 13
1300 8
1301 9
1302 8
1303 11
1304 9
1305 10
1306 11
1307 12
1308 13
1309 14
1310 10
1311 9
1312 9
1313 11
1314 10
1315 11
1316 12
1317 13
1318 14
1319 15
1320 9
1321 10
1322 7
1323 8
1324 8
1325 9
1326 10
1327 11
1328 12
1329 13
1330 9
1331 10
1332 8
1333 8
1334 9
1335 10
1336 11
1337 12
1338 13
1339 14
1340 10
1341 11
1342 9
1343 9
1344 8
1345 9
1346 10
1347 11
1348 12
1349 13
1350 11
1351 12
1352 10
1353 10
1354 9
1355 9
1356 10
1357 11
1358 12
1359 13
1360 12
1361 13
1362 11
1363 11
1364 10
1365 10
1366 10
1367 11
1368 12
1369 13
1370 13
1371 14
1372 12
1373 12
1374 11
1375 11
1376 11
1377 11
1378 12
1379 13
1380 14
1381 15
1382 13
1383 13
1384 12
1385 12
1386 12
1387 12
1388 12
1389 13
1390 15
1391 16
1392 14
1393 14
1394 13
1395 13
1396 13
1397 13
1398 13
1399 13
1400 9
1401 10
1402 9
1403 9
1404 13
1405 10
1406 11
1407 12
1408 13
1409 14
1410 11
1411 10
1412 10
1413 10
1414 13
1415 11
1416 12
1417 13
1418 14
1419 15
1420 10
1421 11
1422 8
1423 8
1424 10
1425 9
1426 10
1427 11
1428 12
1429 13
1430 10
1431 11
1432 9
1433 8
1434 9
1435 9
1436 10
1437 11
1438 12
1439 13
1440 10
1441 11
1442 9
1443 9
1444 9
1445 10
1446 11
1447 12
1448 13
1449 14
1450 11
1451 12
1452 10
1453 10
1454 10
1455 9
1456 10
1457 11
1458 12
1459 13
1460 12
1461 13
1462 11
1463 11
1464 11
1465 10
1466 10
1467 11
1468 12
1469 13
1470 13
1471 14
1472 12
1473 12
1474 12
1475 11
1476 11
1477 11
1478 12
1479 13
1480 14
1481 15
1482 13
1483 13
1484 13
1485 12
1486 12
1487 12
1488 12
1489 13
1490 15
1491 16
1492 14
1493 14
1494 14
1495 13
1496 13
1497 13
1498 13
1499 13
1500 10
1501 11
1502 10
1503 10
1504 10
1505 15
1506 11
1507 12
1508 13
1509 14
1510 12
1511 11
1512 11
1513 11
1514 11
1515 15
1516 12
1517 13
1518 14
1519 15
1520 11
1521 12
1522 9
1523 9
1524 9
1525 12
1526 10
1527 11
1528 12
1529 13
1530 11
1531 12
1532 10
1533 9
1534 9
1535 11
1536 10
1537 11
1538 12
1539 13
1540 11
1541 12
1542 10
1543 10
1544 9
1545 10
1546 10
1547 11
1548 12
1549 13
1550 11
1551 12
1552 10
1553 10
1554 10
1555 10
1556 11
1557 12
1558 13
1559 14
1560 12
1561 13
1562 11
1563 11
1564 11
1565 11
1566 10
1567 11
1568 12
1569 13
1570 13
1571 14
1572 12
1573 12
1574 12
1575 12
1576 11
1577 11
1578 12
1579 13
1580 14
1581 15
1582 13
1583 13
1584 13
1585 13
1586 12
1587 12
1588 12
1589 13
1590 15
1591 16
1592 14
1593 14
1594 14
1595 14
1596 13
1597 13
1598 13
1599 13
1600 11
1601 12
1602 11
1603 11
1604 11
1605 11
1606 17
1607 12
1608 13
1609 14
1610 13
1611 12
1612 12
1613 12
1614 12
1615 12
1616 17
1617 13
1618 14
1619 15
1620 12
1621 13
1622 10
1623 10
1624 10
1625 10
1626 14
1627 11
1628 12
1629 13
1630 12
1631 13
1632 11
1633 10
1634 10
1635 10
1636 13
1637 11
1638 12
1639 13
1640 12
1641 13
1642 11
1643 11
1644 10
1645 10
1646 12
1647 11
1648 12
1649 13
1650 12
1651 13
1652 11
1653 11
1654 11
1655 10
1656 11
1657 11
1658 12
1659 13
1660 12
1661 13
1662 11
1663 11
1664 11
1665 11
1666 11
1667 12
1668 13
1669 14
1670 13
1671 14
1672 12
1673 12
1674 12
1675 12
1676 12
1677 11
1678 12
1679 13
1680 14
1681 15
1682 13
1683 13
1684 13
1685 13
1686 13
1687 12
1688 12
1689 13
1690 15
1691 16
1692 14
1693 14
1694 14
1695 14
1696 14
1697 13
1698 13
1699 13
1700 12
1701 13
1702 12
1703 12
1704 12
1705 12
1706 12
1707 19
1708 13
1709 14
1710 14
1711 13
1712 13
1713 13
1714 13
1715 13
1716 13
1717 19
1718 14
1719 15
1720 13
1721 14
1722 11
1723 11
1724 11
1725 11
1726 11
1727 16
1728 12
1729 13
1730 13
1731 14
1732 12
1733 11
1734 11
1735 11
1736 11
1737 15
1738 12
1739 13
1740 13
1741 14
1742 12
1743 12
1744 11
1745 11
1746 11
1747 14
1748 12
1749 13
1750 13
1751 14
1752 12
1753 12
1754 12
1755 11
1756 11
1757 13
1758 12
1759 13
1760 13
1761 14
1762 12
1763 12
1764 12
1765 12
1766 11
1767 12
1768 12
1769 13
1770 13
1771 14
1772 12
1773 12
1774 12
1775 12
1776 12
1777 12
1778 13
1779 14
1780 14
1781 15
1782 13
1783 13
1784 13
1785 13
1786 13
1787 13
1788 12
1789 13
1790 15
1791 16
1792 14
1793 14
1794 14
1795 14
1796 14
1797 14
1798 13
1799 13
1800 13
1801 14
1802 13
1803 13
1804 13
1805 13
1806 13
1807 13
1808 21
1809 14
1810 15
1811 14
1812 14
1813 14
1814 14
1815 14
1816 14
1817 14
1818 21
1819 15
1820 14
1821 15
1822 12
1823 12
1824 12
1825 12
1826 12
1827 12
1828 18
1829 13
1830 14
1831 15
1832 13
1833 12
1834 12
1835 12
1836 12
1837 12
1838 17
1839 13
1840 14
1841 15
1842 13
1843 13
1844 12
1845 12
1846 12
1847 12
1848 16
1849 13
1850 14
1851 15
1852 13
1853 13
1854 13
1855 12
1856 12
1857 12
1858 15
1859 13
1860 14
1861 15
1862 13
1863 13
1864 13
1865 13
1866 12
1867 12
1868 14
1869 13
1870 14
1871 15
1872 13
1873 13
1874 13
1875 13
1876 13
1877 12
1878 13
1879 13
1880 14
1881 15
1882 13
1883 13
1884 13
1885 13
1886 13
1887 13
1888 13
1889 14
1890 15
1891 16
1892 14
1893 14
1894 14
1895 14
1896 14
1897 14
1898 14
1899 13
1900 14
1901 15
1902 14
1903 14
1904 14
1905 14
1906 14
1907 14
1908 14
1909 23
1910 16
1911 15
1912 15
1913 15
1914 15
1915 15
1916 15
1917 15
1918 15
1919 23
1920 15
1921 16
1922 13
1923 13
1924 13
1925 13
1926 13
1927 13
1928 13
1929 20
1930 15
1931 16
1932 14
1933 13
1934 13
1935 13
1936 13
1937 13
1938 13
1939 19
1940 15
1941 16
1942 14
1943 14
1944 13
1945 13
1946 13
1947 13
1948 13
1949 18
1950 15
1951 16
1952 14
1953 14
1954 14
1955 13
1956 13
1957 13
1958 13
1959 17
1960 15
1961 16
1962 14
1963 14
1964 14
1965 14
1966 13
1967 13
1968 13
1969 16
1970 15
1971 16
1972 14
1973 14
1974 14
1975 14
1976 14
1977 13
1978 13
1979 15
1980 15
1981 16
1982 14
1983 14
1984 14
1985 14
1986 14
1987 14
1988 13
1989 14
1990 15
1991 16
1992 14
1993 14
1994 14
1995 14
1996 14
1997 14
1998 14
1999 14
2000 6
2001 6
2002 9
2003 7
2004 8
2005 9
2006 10
2007 11
2008 12
2009 13
2010 7
2011 6
2012 8
2013 7
2014 8
2015 9
2016 10
2017 11
2018 12
2019 13
2020 9
2021 9
2022 11
2023 12
2024 13
2025 14
2026 15
2027 16
2028 17
2029 18
2030 8
2031 8
2032 12
2033 7
2034 8
2035 9
2036 10
2037 11
2038 12
2039 13
2040 9
2041 9
2042 13
2043 8
2044 8
2045 9
2046 10
2047 11
2048 12
2049 13
2050 10
2051 10
2052 14
2053 9
2054 9
2055 9
2056 10
2057 11
2058 12
2059 13
2060 11
2061 11
2062 15
2063 10
2064 10
2065 10
2066 10
2067 11
2068 12
2069 13
2070 12
2071 12
2072 16
2073 11
2074 11
2075 11
2076 11
2077 11
2078 12
2079 13
2080 13
2081 13
2082 17
2083 12
2084 12
2085 12
2086 12
2087 12
2088 12
2089 13
2090 14
2091 14
2092 18
2093 13
2094 13
2095 13
2096 13
2097 13
2098 13
2099 13
2100 7
2101 7
2102 10
2103 8
2104 9
2105 10
2106 11
2107 12
2108 13
2109 14
2110 8
2111 6
2112 8
2113 7
2114 8
2115 9
2116 10
2117 11
2118 12
2119 13
2120 9
2121 8
2122 9
2123 10
2124 11
2125 12
2126 13
2127 14
2128 15
2129 16
2130 9
2131 8
2132 10
2133 7
2134 8
2135 9
2136 10
2137 11
2138 12
2139 13
2140 10
2141 9
2142 11
2143 8
2144 8
2145 9
2146 10
2147 11
2148 12
2149 13
2150 11
2151 10
2152 12
2153 9
2154 9
2155 9
2156 10
2157 11
2158 12
2159 13
2160 12
2161 11
2162 13
2163 10
2164 10
2165 10
2166 10
2167 11
2168 12
2169 13
2170 13
2171 12
2172 14
2173 11
2174 11
2175 11
2176 11
2177 11
2178 12
2179 13
2180 14
2181 13
2182 15
2183 12
2184 12
2185 12
2186 12
2187 12
2188 12
2189 13
2190 15
2191 14
2192 16
2193 13
2194 13
2195 13
2196 13
2197 13
2198 13
2199 13
2200 7
2201 8
2202 10
2203 9
2204 10
2205 11
2206 12
2207 13
2208 14
2209 15
2210 9
2211 7
2212 9
2213 9
2214 10
2215 11
2216 12
2217 13
2218 14
2219 15
2220 9
2221 9
2222 9
2223 10
2224 11
2225 12
2226 13
2227 14
2228 15
2229 16
2230 10
2231 10
2232 10
2233 9
2234 10
2235 11
2236 12
2237 13
2238 14
2239 15
2240 11
2241 11
2242 11
2243 10
2244 10
2245 11
2246 12
2247 13
2248 14
2249 15
2250 12
2251 12
2252 12
2253 11
2254 11
2255 11
2256 12
2257 13
2258 14
2259 15
2260 13
2261 13
2262 13
2263 12
2264 12
2265 12
2266 12
2267 13
2268 14
2269 15
2270 14
2271 14
2272 14
2273 13
2274 13
2275 13
2276 13
2277 13
2278 14
2279 15
2280 15
2281 15
2282 15
2283 14
2284 14
2285 14
2286 14
2287 14
2288 14
2289 15
2290 16
2291 16
2292 16
2293 15
2294 15
2295 15
2296 15
2297 15
2298 15
2299 15
2300 8
2301 9
2302 9
2303 11
2304 9
2305 10
2306 11
2307 12
2308 13
2309 14
2310 10
2311 8
2312 9
2313 10
2314 9
2315 10
2316 11
2317 12
2318 13
2319 14
2320 10
2321 10
2322 9
2323 10
2324 10
2325 11
2326 12
2327 13
2328 14
2329 15
2330 9
2331 9
2332 10
2333 8
2334 9
2335 10
2336 11
2337 12
2338 13
2339 14
2340 10
2341 10
2342 11
2343 9
2344 8
2345 9
2346 10
2347 11
2348 12
2349 13
2350 11
2351 11
2352 12
2353 10
2354 9
2355 9
2356 10
2357 11
2358 12
2359 13
2360 12
2361 12
2362 13
2363 11
2364 10
2365 10
2366 10
2367 11
2368 12
2369 13
2370 13
2371 13
2372 14
2373 12
2374 11
2375 11
2376 11
2377 11
2378 12
2379 13
2380 14
2381 14
2382 15
2383 13
2384 12
2385 12
2386 12
2387 12
2388 12
2389 13
2390 15
2391 15
2392 16
2393 14
2394 13
2395 13
2396 13
2397 13
2398 13
2399 13
2400 9
2401 10
2402 10
2403 9
2404 13
2405 10
2406 11
2407 12
2408 13
2409 14
2410 11
2411 9
2412 10
2413 9
2414 12
2415 10
2416 11
2417 12
2418 13
2419 14
2420 11
2421 11
2422 10
2423 10
2424 12
2425 11
2426 12
2427 13
2428 14
2429 15
2430 10
2431 10
2432 11
2433 8
2434 9
2435 9
2436 10
2437 11
2438 12
2439 13
2440 10
2441 10
2442 11
2443 9
2444 9
2445 10
2446 11
2447 12
2448 13
2449 14
2450 11
2451 11
2452 12
2453 10
2454 10
2455 9
2456 10
2457 11
2458 12
2459 13
2460 12
2461 12
2462 13
2463 11
2464 11
2465 10
2466 10
2467 11
2468 12
2469 13
2470 13
2471 13
2472 14
2473 12
2474 12
2475 11
2476 11
2477 11
2478 12
2479 13
2480 14
2481 14
2482 15
2483 13
2484 13
2485 12
2486 12
2487 12
2488 12
2489 13
2490 15
2491 15
2492 16
2493 14
2494 14
2495 13
2496 13
2497 13
2498 13
2499 13
2500 10
2501 11
2502 11
2503 10
2504 10
2505 15
2506 11
2507 12
2508 13
2509 14
2510 12
2511 10
2512 11
2513 10
2514 10
2515 14
2516 11
2517 12
2518 13
2519 14
2520 12
2521 12
2522 11
2523 11
2524 11
2525 14
2526 12
2527 13
2528 14
2529 15
2530 11
2531 11
2532 12
2533 9
2534 9
2535 11
2536 10
2537 11
2538 12
2539 13
2540 11
2541 11
2542 12
2543 10
2544 9
2545 10
2546 10
2547 11
2548 12
2549 13
2550 11
2551 11
2552 12
2553 10
2554 10
2555 10
2556 11
2557 12
2558 13
2559 14
2560 12
2561 12
2562 13
2563 11
2564 11
2565 11
2566 10
2567 11
2568 12
2569 13
2570 13
2571 13
2572 14
2573 12
2574 12
2575 12
2576 11
2577 11
2578 12
2579 13
2580 14
2581 14
2582 15
2583 13
2584 13
2585 13
2586 12
2587 12
2588 12
2589 13
2590 15
2591 15
2592 16
2593 14
2594 14
2595 14
2596 13
2597 13
2598 13
2599 13
2600 11
2601 12
2602 12
2603 11
2604 11
2605 11
2606 17
2607 12
2608 13
2609 14
2610 13
2611 11
2612 12
2613 11
2614 11
2615 11
2616 16
2617 12
2618 13
2619 14
2620 13
2621 13
2622 12
2623 12
2624 12
2625 12
2626 16
2627 13
2628 14
2629 15
2630 12
2631 12
2632 13
2633 10
2634 10
2635 10
2636 13
2637 11
2638 12
2639 13
2640 12
2641 12
2642 13
2643 11
2644 10
2645 10
2646 12
2647 11
2648 12
2649 13
2650 12
2651 12
2652 13
2653 11
2654 11
2655 10
2656 11
2657 11
2658 12
2659 13
2660 12
2661 12
2662 13
2663 11
2664 11
2665 11
2666 11
2667 12
2668 13
2669 14
2670 13
2671 13
2672 14
2673 12
2674 12
2675 12
2676 12
2677 11
2678 12
2679 13
2680 14
2681 14
2682 15
2683 13
2684 13
2685 13
2686 13
2687 12
2688 12
2689 13
2690 15
2691 15
2692 16
2693 14
2694 14
2695 14
2696 14
2697 13
2698 13
2699 13
2700 12
2701 13
2702 13
2703 12
2704 12
2705 12
2706 12
2707 19
2708 13
2709 14
2710 14
2711 12
2712 13
2713 12
2714 12
2715 12
2716 12
2717 18
2718 13
2719 14
2720 14
2721 14
2722 13
2723 13
2724 13
2725 13
2726 13
2727 18
2728 14
2729 15
2730 13
2731 13
2732 14
2733 11
2734 11
2735 11
2736 11
2737 15
2738 12
2739 13
2740 13
2741 13
2742 14
2743 12
2744 11
2745 11
2746 11
2747 14
2748 12
2749 13
2750 13
2751 13
2752 14
2753 12
2754 12
2755 11
2756 11
2757 13
2758 12
2759 13
2760 13
2761 13
2762 14
2763 12
2764 12
2765 12
2766 11
2767 12
2768 12
2769 13
2770 13
2771 13
2772 14
2773 12
2774 12
2775 12
2776 12
2777 12
2778 13
2779 14
2780 14
2781 14
2782 15
2783 13
2784 13
2785 13
2786 13
2787 13
2788 12
2789 13
2790 15
2791 15
2792 16
2793 14
2794 14
2795 14
2796 14
2797 14
2798 13
2799 13
2800 13
2801 14
2802 14
2803 13
2804 13
2805 13
2806 13
2807 13
2808 21
2809 14
2810 15
2811 13
2812 14
2813 13
2814 13
2815 13
2816 13
2817 13
2818 20
2819 14
2820 15
2821 15
2822 14
2823 14
2824 14
2825 14
2826 14
2827 14
2828 20
2829 15
2830 14
2831 14
2832 15
2833 12
2834 12
2835 12
2836 12
2837 12
2838 17
2839 13
2840 14
2841 14
2842 15
2843 13
2844 12
2845 12
2846 12
2847 12
2848 16
2849 13
2850 14
2851 14
2852 15
2853 13
2854 13
2855 12
2856 12
2857 12
2858 15
2859 13
2860 14
2861 14
2862 15
2863 13
2864 13
2865 13
2866 12
2867 12
2868 14
2869 13
2870 14
2871 14
2872 15
2873 13
2874 13
2875 13
2876 13
2877 12
2878 13
2879 13
2880 14
2881 14
2882 15
2883 13
2884 13
2885 13
2886 13
2887 13
2888 13
2889 14
2890 15
2891 15
2892 16
2893 14
2894 14
2895 14
2896 14
2897 14
2898 14
2899 13
2900 14
2901 15
2902 15
2903 14
2904 14
2905 14
2906 14
2907 14
2908 14
2909 23
2910 16
2911 14
2912 15
2913 14
2914 14
2915 14
2916 14
2917 14
2918 14
2919 22
2920 16
2921 16
2922 15
2923 15
2924 15
2925 15
2926 15
2927 15
2928 15
2929 22
2930 15
2931 15
2932 16
2933 13
2934 13
2935 13
2936 13
2937 13
2938 13
2939 19
2940 15
2941 15
2942 16
2943 14
2944 13
2945 13
2946 13
2947 13
2948 13
2949 18
2950 15
2951 15
2952 16
2953 14
2954 14
2955 13
2956 13
2957 13
2958 13
2959 17
2960 15
2961 15
2962 16
2963 14
2964 14
2965 14
2966 13
2967 13
2968 13
2969 16
2970 15
2971 15
2972 16
2973 14
2974 14
2975 14
2976 14
2977 13
2978 13
2979 15
2980 15
2981 15
2982 16
2983 14
2984 14
2985 14
2986 14
2987 14
2988 13
2989 14
2990 15
2991 15
2992 16
2993 14
2994 14
2995 14
2996 14
2997 14
2998 14
2999 14
3000 7
3001 7
3002 7
3003 11
3004 8
3005 9
3006 10
3007 11
3008 12
3009 13
3010 8
3011 7
3012 7
3013 10
3014 8
3015 9
3016 10
3017 11
3018 12
3019 13
3020 8
3021 8
3022 7
3023 9
3024 8
3025 9
3026 10
3027 11
3028 12
3029 13
3030 11
3031 11
3032 11
3033 14
3034 15
3035 16
3036 17
3037 18
3038 19
3039 20
3040 9
3041 9
3042 9
3043 15
3044 8
3045 9
3046 10
3047 11
3048 12
3049 13
3050 10
3051 10
3052 10
3053 16
3054 9
3055 9
3056 10
3057 11
3058 12
3059 13
3060 11
3061 11
3062 11
3063 17
3064 10
3065 10
3066 10
3067 11
3068 12
3069 13
3070 12
3071 12
3072 12
3073 18
3074 11
3075 11
3076 11
3077 11
3078 12
3079 13
3080 13
3081 13
3082 13
3083 19
3084 12
3085 12
3086 12
3087 12
3088 12
3089 13
3090 14
3091 14
3092 14
3093 20
3094 13
3095 13
3096 13
3097 13
3098 13
3099 13
3100 8
3101 8
3102 8
3103 12
3104 9
3105 10
3106 11
3107 12
3108 13
3109 14
3110 9
3111 7
3112 7
3113 10
3114 8
3115 9
3116 10
3117 11
3118 12
3119 13
3120 9
3121 8
3122 7
3123 9
3124 8
3125 9
3126 10
3127 11
3128 12
3129 13
3130 11
3131 10
3132 10
3133 12
3134 13
3135 14
3136 15
3137 16
3138 17
3139 18
3140 10
3141 9
3142 9
3143 13
3144 8
3145 9
3146 10
3147 11
3148 12
3149 13
3150 11
3151 10
3152 10
3153 14
3154 9
3155 9
3156 10
3157 11
3158 12
3159 13
3160 12
3161 11
3162 11
3163 15
3164 10
3165 10
3166 10
3167 11
3168 12
3169 13
3170 13
3171 12
3172 12
3173 16
3174 11
3175 11
3176 11
3177 11
3178 12
3179 13
3180 14
3181 13
3182 13
3183 17
3184 12
3185 12
3186 12
3187 12
3188 12
3189 13
3190 15
3191 14
3192 14
3193 18
3194 13
3195 13
3196 13
3197 13
3198 13
3199 13
3200 8
3201 9
3202 8
3203 12
3204 9
3205 10
3206 11
3207 12
3208 13
3209 14
3210 10
3211 8
3212 8
3213 11
3214 9
3215 10
3216 11
3217 12
3218 13
3219 14
3220 9
3221 9
3222 7
3223 9
3224 8
3225 9
3226 10
3227 11
3228 12
3229 13
3230 10
3231 10
3232 9
3233 10
3234 11
3235 12
3236 13
3237 14
3238 15
3239 16
3240 10
3241 10
3242 9
3243 11
3244 8
3245 9
3246 10
3247 11
3248 12
3249 13
3250 11
3251 11
3252 10
3253 12
3254 9
3255 9
3256 10
3257 11
3258 12
3259 13
3260 12
3261 12
3262 11
3263 13
3264 10
3265 10
3266 10
3267 11
3268 12
3269 13
3270 13
3271 13
3272 12
3273 14
3274 11
3275 11
3276 11
3277 11
3278 12
3279 13
3280 14
3281 14
3282 13
3283 15
3284 12
3285 12
3286 12
3287 12
3288 12
3289 13
3290 15
3291 15
3292 14
3293 16
3294 13
3295 13
3296 13
3297 13
3298 13
3299 13
3300 8
3301 9
3302 9
3303 12
3304 10
3305 11
3306 12
3307 13
3308 14
3309 15
3310 10
3311 8
3312 9
3313 11
3314 10
3315 11
3316 12
3317 13
3318 14
3319 15
3320 10
3321 10
3322 8
3323 10
3324 10
3325 11
3326 12
3327 13
3328 14
3329 15
3330 10
3331 10
3332 10
3333 10
3334 11
3335 12
3336 13
3337 14
3338 15
3339 16
3340 11
3341 11
3342 11
3343 11
3344 10
3345 11
3346 12
3347 13
3348 14
3349 15
3350 12
3351 12
3352 12
3353 12
3354 11
3355 11
3356 12
3357 13
3358 14
3359 15
3360 13
3361 13
3362 13
3363 13
3364 12
3365 12
3366 12
3367 13
3368 14
3369 15
3370 14
3371 14
3372 14
3373 14
3374 13
3375 13
3376 13
3377 13
3378 14
3379 15
3380 15
3381 15
3382 15
3383 15
3384 14
3385 14
3386 14
3387 14
3388 14
3389 15
3390 16
3391 16
3392 16
3393 16
3394 15
3395 15
3396 15
3397 15
3398 15
3399 15
3400 9
3401 10
3402 10
3403 10
3404 13
3405 10
3406 11
3407 12
3408 13
3409 14
3410 11
3411 9
3412 10
3413 10
3414 12
3415 10
3416 11
3417 12
3418 13
3419 14
3420 11
3421 11
3422 9
3423 10
3424 11
3425 10
3426 11
3427 12
3428 13
3429 14
3430 11
3431 11
3432 11
3433 10
3434 11
3435 11
3436 12
3437 13
3438 14
3439 15
3440 10
3441 10
3442 10
3443 11
3444 9
3445 10
3446 11
3447 12
3448 13
3449 14
3450 11
3451 11
3452 11
3453 12
3454 10
3455 9
3456 10
3457 11
3458 12
3459 13
3460 12
3461 12
3462 12
3463 13
3464 11
3465 10
3466 10
3467 11
3468 12
3469 13
3470 13
3471 13
3472 13
3473 14
3474 12
3475 11
3476 11
3477 11
3478 12
3479 13
3480 14
3481 14
3482 14
3483 15
3484 13
3485 12
3486 12
3487 12
3488 12
3489 13
3490 15
3491 15
3492 15
3493 16
3494 14
3495 13
3496 13
3497 13
3498 13
3499 13
3500 10
3501 11
3502 11
3503 11
3504 10
3505 15
3506 11
3507 12
3508 13
3509 14
3510 12
3511 10
3512 11
3513 11
3514 10
3515 14
3516 11
3517 12
3518 13
3519 14
3520 12
3521 12
3522 10
3523 11
3524 10
3525 13
3526 11
3527 12
3528 13
3529 14
3530 12
3531 12
3532 12
3533 11
3534 11
3535 13
3536 12
3537 13
3538 14
3539 15
3540 11
3541 11
3542 11
3543 12
3544 9
3545 10
3546 10
3547 11
3548 12
3549 13
3550 11
3551 11
3552 11
3553 12
3554 10
3555 10
3556 11
3557 12
3558 13
3559 14
3560 12
3561 12
3562 12
3563 13
3564 11
3565 11
3566 10
3567 11
3568 12
3569 13
3570 13
3571 13
3572 13
3573 14
3574 12
3575 12
3576 11
3577 11
3578 12
3579 13
3580 14
3581 14
3582 14
3583 15
3584 13
3585 13
3586 12
3587 12
3588 12
3589 13
3590 15
3591 15
3592 15
3593 16
3594 14
3595 14
3596 13
3597 13
3598 13
3599 13
3600 11
3601 12
3602 12
3603 12
3604 11
3605 11
3606 17
3607 12
3608 13
3609 14
3610 13
3611 11
3612 12
3613 12
3614 11
3615 11
3616 16
3617 12
3618 13
3619 14
3620 13
3621 13
3622 11
3623 12
3624 11
3625 11
3626 15
3627 12
3628 13
3629 14
3630 13
3631 13
3632 13
3633 12
3634 12
3635 12
3636 15
3637 13
3638 14
3639 15
3640 12
3641 12
3642 12
3643 13
3644 10
3645 10
3646 12
3647 11
3648 12
3649 13
3650 12
3651 12
3652 12
3653 13
3654 11
3655 10
3656 11
3657 11
3658 12
3659 13
3660 12
3661 12
3662 12
3663 13
3664 11
3665 11
3666 11
3667 12
3668 13
3669 14
3670 13
3671 13
3672 13
3673 14
3674 12
3675 12
3676 12
3677 11
3678 12
3679 13
3680 14
3681 14
3682 14
3683 15
3684 13
3685 13
3686 13
3687 12
3688 12
3689 13
3690 15
3691 15
3692 15
3693 16
3694 14
3695 14
3696 14
3697 13
3698 13
3699 13
3700 12
3701 13
3702 13
3703 13
3704 12
3705 12
3706 12
3707 19
3708 13
3709 14
3710 14
3711 12
3712 13
3713 13
3714 12
3715 12
3716 12
3717 18
3718 13
3719 14
3720 14
3721 14
3722 12
3723 13
3724 12
3725 12
3726 12
3727 17
3728 13
3729 14
3730 14
3731 14
3732 14
3733 13
3734 13
3735 13
3736 13
3737 17
3738 14
3739 15
3740 13
3741 13
3742 13
3743 14
3744 11
3745 11
3746 11
3747 14
3748 12
3749 13
3750 13
3751 13
3752 13
3753 14
3754 12
3755 11
3756 11
3757 13
3758 12
3759 13
3760 13
3761 13
3762 13
3763 14
3764 12
3765 12
3766 11
3767 12
3768 12
3769 13
3770 13
3771 13
3772 13
3773 14
3774 12
3775 12
3776 12
3777 12
3778 13
3779 14
3780 14
3781 14
3782 14
3783 15
3784 13
3785 13
3786 13
3787 13
3788 12
3789 13
3790 15
3791 15
3792 15
3793 16
3794 14
3795 14
3796 14
3797 14
3798 13
3799 13
3800 13
3801 14
3802 14
3803 14
3804 13
3805 13
3806 13
3807 13
3808 21
3809 14
3810 15
3811 13
3812 14
3813 14
3814 13
3815 13
3816 13
3817 13
3818 20
3819 14
3820 15
3821 15
3822 13
3823 14
3824 13
3825 13
3826 13
3827 13
3828 19
3829 14
3830 15
3831 15
3832 15
3833 14
3834 14
3835 14
3836 14
3837 14
3838 19
3839 15
3840 14
3841 14
3842 14
3843 15
3844 12
3845 12
3846 12
3847 12
3848 16
3849 13
3850 14
3851 14
3852 14
3853 15
3854 13
3855 12
3856 12
3857 12
3858 15
3859 13
3860 14
3861 14
3862 14
3863 15
3864 13
3865 13
3866 12
3867 12
3868 14
3869 13
3870 14
3871 14
3872 14
3873 15
3874 13
3875 13
3876 13
3877 12
3878 13
3879 13
3880 14
3881 14
3882 14
3883 15
3884 13
3885 13
3886 13
3887 13
3888 13
3889 14
3890 15
3891 15
3892 15
3893 16
3894 14
3895 14
3896 14
3897 14
3898 14
3899 13
3900 14
3901 15
3902 15
3903 15
3904 14
3905 14
3906 14
3907 14
3908 14
3909 23
3910 16
3911 14
3912 15
3913 15
3914 14
3915 14
3916 14
3917 14
3918 14
3919 22
3920 16
3921 16
3922 14
3923 15
3924 14
3925 14
3926 14
3927 14
3928 14
3929 21
3930 16
3931 16
3932 16
3933 15
3934 15
3935 15
3936 15
3937 15
3938 15
3939 21
3940 15
3941 15
3942 15
3943 16
3944 13
3945 13
3946 13
3947 13
3948 13
3949 18
3950 15
3951 15
3952 15
3953 16
3954 14
3955 13
3956 13
3957 13
3958 13
3959 17
3960 15
3961 15
3962 15
3963 16
3964 14
3965 14
3966 13
3967 13
3968 13
3969 16
3970 15
3971 15
3972 15
3973 16
3974 14
3975 14
3976 14
3977 13
3978 13
3979 15
3980 15
3981 15
3982 15
3983 16
3984 14
3985 14
3986 14
3987 14
3988 13
3989 14
3990 15
3991 15
3992 15
3993 16
3994 14
3995 14
3996 14
3997 14
3998 14
3999 14
4000 8
4001 8
4002 8
4003 8
4004 13
4005 9
4006 10
4007 11
4008 12
4009 13
4010 9
4011 8
4012 8
4013 8
4014 12
4015 9
4016 10
4017 11
4018 12
4019 13
4020 9
4021 9
4022 8
4023 8
4024 11
4025 9
4026 10
4027 11
4028 12
4029 13
4030 9
4031 9
4032 9
4033 8
4034 10
4035 9
4036 10
4037 11
4038 12
4039 13
4040 13
4041 13
4042 13
4043 13
4044 17
4045 18
4046 19
4047 20
4048 21
4049 22
4050 10
4051 10
4052 10
4053 10
4054 18
4055 9
4056 10
4057 11
4058 12
4059 13
4060 11
4061 11
4062 11
4063 11
4064 19
4065 10
4066 10
4067 11
4068 12
4069 13
4070 12
4071 12
4072 12
4073 12
4074 20
4075 11
4076 11
4077 11
4078 12
4079 13
4080 13
4081 13
4082 13
4083 13
4084 21
4085 12
4086 12
4087 12
4088 12
4089 13
4090 14
4091 14
4092 14
4093 14
4094 22
4095 13
4096 13
4097 13
4098 13
4099 13
4100 9
4101 9
4102 9
4103 9
4104 14
4105 10
4106 11
4107 12
4108 13
4109 14
4110 10
4111 8
4112 8
4113 8
4114 12
4115 9
4116 10
4117 11
4118 12
4119 13
4120 10
4121 9
4122 8
4123 8
4124 11
4125 9
4126 10
4127 11
4128 12
4129 13
4130 10
4131 9
4132 9
4133 8
4134 10
4135 9
4136 10
4137 11
4138 12
4139 13
4140 13
4141 12
4142 12
4143 12
4144 15
4145 16
4146 17
4147 18
4148 19
4149 20
4150 11
4151 10
4152 10
4153 10
4154 16
4155 9
4156 10
4157 11
4158 12
4159 13
4160 12
4161 11
4162 11
4163 11
4164 17
4165 10
4166 10
4167 11
4168 12
4169 13
4170 13
4171 12
4172 12
4173 12
4174 18
4175 11
4176 11
4177 11
4178 12
4179 13
4180 14
4181 13
4182 13
4183 13
4184 19
4185 12
4186 12
4187 12
4188 12
4189 13
4190 15
4191 14
4192 14
4193 14
4194 20
4195 13
4196 13
4197 13
4198 13
4199 13
4200 9
4201 10
4202 9
4203 9
4204 14
4205 10
4206 11
4207 12
4208 13
4209 14
4210 11
4211 9
4212 9
4213 9
4214 13
4215 10
4216 11
4217 12
4218 13
4219 14
4220 10
4221 10
4222 8
4223 8
4224 11
4225 9
4226 10
4227 11
4228 12
4229 13
4230 10
4231 10
4232 9
4233 8
4234 10
4235 9
4236 10
4237 11
4238 12
4239 13
4240 12
4241 12
4242 11
4243 11
4244 13
4245 14
4246 15
4247 16
4248 17
4249 18
4250 11
4251 11
4252 10
4253 10
4254 14
4255 9
4256 10
4257 11
4258 12
4259 13
4260 12
4261 12
4262 11
4263 11
4264 15
4265 10
4266 10
4267 11
4268 12
4269 13
4270 13
4271 13
4272 12
4273 12
4274 16
4275 11
4276 11
4277 11
4278 12
4279 13
4280 14
4281 14
4282 13
4283 13
4284 17
4285 12
4286 12
4287 12
4288 12
4289 13
4290 15
4291 15
4292 14
4293 14
4294 18
4295 13
4296 13
4297 13
4298 13
4299 13
4300 9
4301 10
4302 10
4303 9
4304 14
4305 10
4306 11
4307 12
4308 13
4309 14
4310 11
4311 9
4312 10
4313 9
4314 13
4315 10
4316 11
4317 12
4318 13
4319 14
4320 11
4321 11
4322 9
4323 9
4324 12
4325 10
4326 11
4327 12
4328 13
4329 14
4330 10
4331 10
4332 10
4333 8
4334 10
4335 9
4336 10
4337 11
4338 12
4339 13
4340 11
4341 11
4342 11
4343 10
4344 11
4345 12
4346 13
4347 14
4348 15
4349 16
4350 11
4351 11
4352 11
4353 10
4354 12
4355 9
4356 10
4357 11
4358 12
4359 13
4360 12
4361 12
4362 12
4363 11
4364 13
4365 10
4366 10
4367 11
4368 12
4369 13
4370 13
4371 13
4372 13
4373 12
4374 14
4375 11
4376 11
4377 11
4378 12
4379 13
4380 14
4381 14
4382 14
4383 13
4384 15
4385 12
4386 12
4387 12
4388 12
4389 13
4390 15
4391 15
4392 15
4393 14
4394 16
4395 13
4396 13
4397 13
4398 13
4399 13
4400 9
4401 10
4402 10
4403 10
4404 14
4405 11
4406 12
4407 13
4408 14
4409 15
4410 11
4411 9
4412 10
4413 10
4414 13
4415 11
4416 12
4417 13
4418 14
4419 15
4420 11
4421 11
4422 9
4423 10
4424 12
4425 11
4426 12
4427 13
4428 14
4429 15
4430 11
4431 11
4432 11
4433 9
4434 11
4435 11
4436 12
4437 13
4438 14
4439 15
4440 11
4441 11
4442 11
4443 11
4444 11
4445 12
4446 13
4447 14
4448 15
4449 16
4450 12
4451 12
4452 12
4453 12
4454 12
4455 11
4456 12
4457 13
4458 14
4459 15
4460 13
4461 13
4462 13
4463 13
4464 13
4465 12
4466 12
4467 13
4468 14
4469 15
4470 14
4471 14
4472 14
4473 14
4474 14
4475 13
4476 13
4477 13
4478 14
4479 15
4480 15
4481 15
4482 15
4483 15
4484 15
4485 14
4486 14
4487 14
4488 14
4489 15
4490 16
4491 16
4492 16
4493 16
4494 16
4495 15
4496 15
4497 15
4498 15
4499 15
4500 10
4501 11
4502 11
4503 11
4504 11
4505 15
4506 11
4507 12
4508 13
4509 14
4510 12
4511 10
4512 11
4513 11
4514 11
4515 14
4516 11
4517 12
4518 13
4519 14
4520 12
4521 12
4522 10
4523 11
4524 11
4525 13
4526 11
4527 12
4528 13
4529 14
4530 12
4531 12
4532 12
4533 10
4534 11
4535 12
4536 11
4537 12
4538 13
4539 14
4540 12
4541 12
4542 12
4543 12
4544 11
4545 12
4546 12
4547 13
4548 14
4549 15
4550 11
4551 11
4552 11
4553 11
4554 12
4555 10
4556 11
4557 12
4558 13
4559 14
4560 12
4561 12
4562 12
4563 12
4564 13
4565 11
4566 10
4567 11
4568 12
4569 13
4570 13
4571 13
4572 13
4573 13
4574 14
4575 12
4576 11
4577 11
4578 12
4579 13
4580 14
4581 14
4582 14
4583 14
4584 15
4585 13
4586 12
4587 12
4588 12
4589 13
4590 15
4591 15
4592 15
4593 15
4594 16
4595 14
4596 13
4597 13
4598 13
4599 13
4600 11
4601 12
4602 12
4603 12
4604 12
4605 11
4606 17
4607 12
4608 13
4609 14
4610 13
4611 11
4612 12
4613 12
4614 12
4615 11
4616 16
4617 12
4618 13
4619 14
4620 13
4621 13
4622 11
4623 12
4624 12
4625 11
4626 15
4627 12
4628 13
4629 14
4630 13
4631 13
4632 13
4633 11
4634 12
4635 11
4636 14
4637 12
4638 13
4639 14
4640 13
4641 13
4642 13
4643 13
4644 12
4645 12
4646 14
4647 13
4648 14
4649 15
4650 12
4651 12
4652 12
4653 12
4654 13
4655 10
4656 11
4657 11
4658 12
4659 13
4660 12
4661 12
4662 12
4663 12
4664 13
4665 11
4666 11
4667 12
4668 13
4669 14
4670 13
4671 13
4672 13
4673 13
4674 14
4675 12
4676 12
4677 11
4678 12
4679 13
4680 14
4681 14
4682 14
4683 14
4684 15
4685 13
4686 13
4687 12
4688 12
4689 13
4690 15
4691 15
4692 15
4693 15
4694 16
4695 14
4696 14
4697 13
4698 13
4699 13
4700 12
4701 13
4702 13
4703 13
4704 13
4705 12
4706 12
4707 19
4708 13
4709 14
4710 14
4711 12
4712 13
4713 13
4714 13
4715 12
4716 12
4717 18
4718 13
4719 14
4720 14
4721 14
4722 12
4723 13
4724 13
4725 12
4726 12
4727 17
4728 13
4729 14
4730 14
4731 14
4732 14
4733 12
4734 13
4735 12
4736 12
4737 16
4738 13
4739 14
4740 14
4741 14
4742 14
4743 14
4744 13
4745 13
4746 13
4747 16
4748 14
4749 15
4750 13
4751 13
4752 13
4753 13
4754 14
4755 11
4756 11
4757 13
4758 12
4759 13
4760 13
4761 13
4762 13
4763 13
4764 14
4765 12
4766 11
4767 12
4768 12
4769 13
4770 13
4771 13
4772 13
4773 13
4774 14
4775 12
4776 12
4777 12
4778 13
4779 14
4780 14
4781 14
4782 14
4783 14
4784 15
4785 13
4786 13
4787 13
4788 12
4789 13
4790 15
4791 15
4792 15
4793 15
4794 16
4795 14
4796 14
4797 14
4798 13
4799 13
4800 13
4801 14
4802 14
4803 14
4804 14
4805 13
4806 13
4807 13
4808 21
4809 14
4810 15
4811 13
4812 14
4813 14
4814 14
4815 13
4816 13
4817 13
4818 20
4819 14
4820 15
4821 15
4822 13
4823 14
4824 14
4825 13
4826 13
4827 13
4828 19
4829 14
4830 15
4831 15
4832 15
4833 13
4834 14
4835 13
4836 13
4837 13
4838 18
4839 14
4840 15
4841 15
4842 15
4843 15
4844 14
4845 14
4846 14
4847 14
4848 18
4849 15
4850 14
4851 14
4852 14
4853 14
4854 15
4855 12
4856 12
4857 12
4858 15
4859 13
4860 14
4861 14
4862 14
4863 14
4864 15
4865 13
4866 12
4867 12
4868 14
4869 13
4870 14
4871 14
4872 14
4873 14
4874 15
4875 13
4876 13
4877 12
4878 13
4879 13
4880 14
4881 14
4882 14
4883 14
4884 15
4885 13
4886 13
4887 13
4888 13
4889 14
4890 15
4891 15
4892 15
4893 15
4894 16
4895 14
4896 14
4897 14
4898 14
4899 13
4900 14
4901 15
4902 15
4903 15
4904 15
4905 14
4906 14
4907 14
4908 14
4909 23
4910 16
4911 14
4912 15
4913 15
4914 15
4915 14
4916 14
4917 14
4918 14
4919 22
4920 16
4921 16
4922 14
4923 15
4924 15
4925 14
4926 14
4927 14
4928 14
4929 21
4930 16
4931 16
4932 16
4933 14
4934 15
4935 14
4936 14
4937 14
4938 14
4939 20
4940 16
4941 16
4942 16
4943 16
4944 15
4945 15
4946 15
4947 15
4948 15
4949 20
4950 15
4951 15
4952 15
4953 15
4954 16
4955 13
4956 13
4957 13
4958 13
4959 17
4960 15
4961 15
4962 15
4963 15
4964 16
4965 14
4966 13
4967 13
4968 13
4969 16
4970 15
4971 15
4972 15
4973 15
4974 16
4975 14
4976 14
4977 13
4978 13
4979 15
4980 15
4981 15
4982 15
4983 15
4984 16
4985 14
4986 14
4987 14
4988 13
4989 14
4990 15
4991 15
4992 15
4993 15
4994 16
4995 14
4996 14
4997 14
4998 14
4999 14
5000 9
5001 9
5002 9
5003 9
5004 9
5005 15
5006 10
5007 11
5008 12
5009 13
5010 10
5011 9
5012 9
5013 9
5014 9
5015 14
5016 10
5017 11
5018 12
5019 13
5020 10
5021 10
5022 9
5023 9
5024 9
5025 13
5026 10
5027 11
5028 12
5029 13
5030 10
5031 10
5032 10
5033 9
5034 9
5035 12
5036 10
5037 11
5038 12
5039 13
5040 10
5041 10
5042 10
5043 10
5044 9
5045 11
5046 10
5047 11
5048 12
5049 13
5050 15
5051 15
5052 15
5053 15
5054 15
5055 20
5056 21
5057 22
5058 23
5059 24
5060 11
5061 11
5062 11
5063 11
5064 11
5065 21
5066 10
5067 11
5068 12
5069 13
5070 12
5071 12
5072 12
5073 12
5074 12
5075 22
5076 11
5077 11
5078 12
5079 13
5080 13
5081 13
5082 13
5083 13
5084 13
5085 23
5086 12
5087 12
5088 12
5089 13
5090 14
5091 14
5092 14
5093 14
5094 14
5095 24
5096 13
5097 13
5098 13
5099 13
5100 10
5101 10
5102 10
5103 10
5104 10
5105 16
5106 11
5107 12
5108 13
5109 14
5110 11
5111 9
5112 9
5113 9
5114 9
5115 14
5116 10
5117 11
5118 12
5119 13
5120 11
5121 10
5122 9
5123 9
5124 9
5125 13
5126 10
5127 11
5128 12
5129 13
5130 11
5131 10
5132 10
5133 9
5134 9
5135 12
5136 10
5137 11
5138 12
5139 13
5140 11
5141 10
5142 10
5143 10
5144 9
5145 11
5146 10
5147 11
5148 12
5149 13
5150 15
5151 14
5152 14
5153 14
5154 14
5155 18
5156 19
5157 20
5158 21
5159 22
5160 12
5161 11
5162 11
5163 11
5164 11
5165 19
5166 10
5167 11
5168 12
5169 13
5170 13
5171 12
5172 12
5173 12
5174 12
5175 20
5176 11
5177 11
5178 12
5179 13
5180 14
5181 13
5182 13
5183 13
5184 13
5185 21
5186 12
5187 12
5188 12
5189 13
5190 15
5191 14
5192 14
5193 14
5194 14
5195 22
5196 13
5197 13
5198 13
5199 13
5200 10
5201 11
5202 10
5203 10
5204 10
5205 16
5206 11
5207 12
5208 13
5209 14
5210 12
5211 10
5212 10
5213 10
5214 10
5215 15
5216 11
5217 12
5218 13
5219 14
5220 11
5221 11
5222 9
5223 9
5224 9
5225 13
5226 10
5227 11
5228 12
5229 13
5230 11
5231 11
5232 10
5233 9
5234 9
5235 12
5236 10
5237 11
5238 12
5239 13
5240 11
5241 11
5242 10
5243 10
5244 9
5245 11
5246 10
5247 11
5248 12
5249 13
5250 14
5251 14
5252 13
5253 13
5254 13
5255 16
5256 17
5257 18
5258 19
5259 20
5260 12
5261 12
5262 11
5263 11
5264 11
5265 17
5266 10
5267 11
5268 12
5269 13
5270 13
5271 13
5272 12
5273 12
5274 12
5275 18
5276 11
5277 11
5278 12
5279 13
5280 14
5281 14
5282 13
5283 13
5284 13
5285 19
5286 12
5287 12
5288 12
5289 13
5290 15
5291 15
5292 14
5293 14
5294 14
5295 20
5296 13
5297 13
5298 13
5299 13
5300 10
5301 11
5302 11
5303 10
5304 10
5305 16
5306 11
5307 12
5308 13
5309 14
5310 12
5311 10
5312 11
5313 10
5314 10
5315 15
5316 11
5317 12
5318 13
5319 14
5320 12
5321 12
5322 10
5323 10
5324 10
5325 14
5326 11
5327 12
5328 13
5329 14
5330 11
5331 11
5332 11
5333 9
5334 9
5335 12
5336 10
5337 11
5338 12
5339 13
5340 11
5341 11
5342 11
5343 10
5344 9
5345 11
5346 10
5347 11
5348 12
5349 13
5350 13
5351 13
5352 13
5353 12
5354 12
5355 14
5356 15
5357 16
5358 17
5359 18
5360 12
5361 12
5362 12
5363 11
5364 11
5365 15
5366 10
5367 11
5368 12
5369 13
5370 13
5371 13
5372 13
5373 12
5374 12
5375 16
5376 11
5377 11
5378 12
5379 13
5380 14
5381 14
5382 14
5383 13
5384 13
5385 17
5386 12
5387 12
5388 12
5389 13
5390 15
5391 15
5392 15
5393 14
5394 14
5395 18
5396 13
5397 13
5398 13
5399 13
5400 10
5401 11
5402 11
5403 11
5404 10
5405 16
5406 11
5407 12
5408 13
5409 14
5410 12
5411 10
5412 11
5413 11
5414 10
5415 15
5416 11
5417 12
5418 13
5419 14
5420 12
5421 12
5422 10
5423 11
5424 10
5425 14
5426 11
5427 12
5428 13
5429 14
5430 12
5431 12
5432 12
5433 10
5434 10
5435 13
5436 11
5437 12
5438 13
5439 14
5440 11
5441 11
5442 11
5443 11
5444 9
5445 11
5446 10
5447 11
5448 12
5449 13
5450 12
5451 12
5452 12
5453 12
5454 11
5455 12
5456 13
5457 14
5458 15
5459 16
5460 12
5461 12
5462 12
5463 12
5464 11
5465 13
5466 10
5467 11
5468 12
5469 13
5470 13
5471 13
5472 13
5473 13
5474 12
5475 14
5476 11
5477 11
5478 12
5479 13
5480 14
5481 14
5482 14
5483 14
5484 13
5485 15
5486 12
5487 12
5488 12
5489 13
5490 15
5491 15
5492 15
5493 15
5494 14
5495 16
5496 13
5497 13
5498 13
5499 13
5500 10
5501 11
5502 11
5503 11
5504 11
5505 16
5506 12
5507 13
5508 14
5509 15
5510 12
5511 10
5512 11
5513 11
5514 11
5515 15
5516 12
5517 13
5518 14
5519 15
5520 12
5521 12
5522 10
5523 11
5524 11
5525 14
5526 12
5527 13
5528 14
5529 15
5530 12
5531 12
5532 12
5533 10
5534 11
5535 13
5536 12
5537 13
5538 14
5539 15
5540 12
5541 12
5542 12
5543 12
5544 10
5545 12
5546 12
5547 13
5548 14
5549 15
5550 12
5551 12
5552 12
5553 12
5554 12
5555 12
5556 13
5557 14
5558 15
5559 16
5560 13
5561 13
5562 13
5563 13
5564 13
5565 13
5566 12
5567 13
5568 14
5569 15
5570 14
5571 14
5572 14
5573 14
5574 14
5575 14
5576 13
5577 13
5578 14
5579 15
5580 15
5581 15
5582 15
5583 15
5584 15
5585 15
5586 14
5587 14
5588 14
5589 15
5590 16
5591 16
5592 16
5593 16
5594 16
5595 16
5596 15
5597 15
5598 15
5599 15
5600 11
5601 12
5602 12
5603 12
5604 12
5605 12
5606 17
5607 12
5608 13
5609 14
5610 13
5611 11
5612 12
5613 12
5614 12
5615 12
5616 16
5617 12
5618 13
5619 14
5620 13
5621 13
5622 11
5623 12
5624 12
5625 12
5626 15
5627 12
5628 13
5629 14
5630 13
5631 13
5632 13
5633 11
5634 12
5635 12
5636 14
5637 12
5638 13
5639 14
5640 13
5641 13
5642 13
5643 13
5644 11
5645 12
5646 13
5647 12
5648 13
5649 14
5650 13
5651 13
5652 13
5653 13
5654 13
5655 12
5656 13
5657 13
5658 14
5659 15
5660 12
5661 12
5662 12
5663 12
5664 12
5665 13
5666 11
5667 12
5668 13
5669 14
5670 13
5671 13
5672 13
5673 13
5674 13
5675 14
5676 12
5677 11
5678 12
5679 13
5680 14
5681 14
5682 14
5683 14
5684 14
5685 15
5686 13
5687 12
5688 12
5689 13
5690 15
5691 15
5692 15
5693 15
5694 15
5695 16
5696 14
5697 13
5698 13
5699 13
5700 12
5701 13
5702 13
5703 13
5704 13
5705 13
5706 12
5707 19
5708 13
5709 14
5710 14
5711 12
5712 13
5713 13
5714 13
5715 13
5716 12
5717 18
5718 13
5719 14
5720 14
5721 14
5722 12
5723 13
5724 13
5725 13
5726 12
5727 17
5728 13
5729 14
5730 14
5731 14
5732 14
5733 12
5734 13
5735 13
5736 12
5737 16
5738 13
5739 14
5740 14
5741 14
5742 14
5743 14
5744 12
5745 13
5746 12
5747 15
5748 13
5749 14
5750 14
5751 14
5752 14
5753 14
5754 14
5755 13
5756 13
5757 15
5758 14
5759 15
5760 13
5761 13
5762 13
5763 13
5764 13
5765 14
5766 11
5767 12
5768 12
5769 13
5770 13
5771 13
5772 13
5773 13
5774 13
5775 14
5776 12
5777 12
5778 13
5779 14
5780 14
5781 14
5782 14
5783 14
5784 14
5785 15
5786 13
5787 13
5788 12
5789 13
5790 15
5791 15
5792 15
5793 15
5794 15
5795 16
5796 14
5797 14
5798 13
5799 13
5800 13
5801 14
5802 14
5803 14
5804 14
5805 14
5806 13
5807 13
5808 21
5809 14
5810 15
5811 13
5812 14
5813 14
5814 14
5815 14
5816 13
5817 13
5818 20
5819 14
5820 15
5821 15
5822 13
5823 14
5824 14
5825 14
5826 13
5827 13
5828 19
5829 14
5830 15
5831 15
5832 15
5833 13
5834 14
5835 14
5836 13
5837 13
5838 18
5839 14
5840 15
5841 15
5842 15
5843 15
5844 13
5845 14
5846 13
5847 13
5848 17
5849 14
5850 15
5851 15
5852 15
5853 15
5854 15
5855 14
5856 14
5857 14
5858 17
5859 15
5860 14
5861 14
5862 14
5863 14
5864 14
5865 15
5866 12
5867 12
5868 14
5869 13
5870 14
5871 14
5872 14
5873 14
5874 14
5875 15
5876 13
5877 12
5878 13
5879 13
5880 14
5881 14
5882 14
5883 14
5884 14
5885 15
5886 13
5887 13
5888 13
5889 14
5890 15
5891 15
5892 15
5893 15
5894 15
5895 16
5896 14
5897 14
5898 14
5899 13
5900 14
5901 15
5902 15
5903 15
5904 15
5905 15
5906 14
5907 14
5908 14
5909 23
5910 16
5911 14
5912 15
5913 15
5914 15
5915 15
5916 14
5917 14
5918 14
5919 22
5920 16
5921 16
5922 14
5923 15
5924 15
5925 15
5926 14
5927 14
5928 14
5929 21
5930 16
5931 16
5932 16
5933 14
5934 15
5935 15
5936 14
5937 14
5938 14
5939 20
5940 16
5941 16
5942 16
5943 16
5944 14
5945 15
5946 14
5947 14
5948 14
5949 19
5950 16
5951 16
5952 16
5953 16
5954 16
5955 15
5956 15
5957 15
5958 15
5959 19
5960 15
5961 15
5962 15
5963 15
5964 15
5965 16
5966 13
5967 13
5968 13
5969 16
5970 15
5971 15
5972 15
5973 15
5974 15
5975 16
5976 14
5977 13
5978 13
5979 15
5980 15
5981 15
5982 15
5983 15
5984 15
5985 16
5986 14
5987 14
5988 13
5989 14
5990 15
5991 15
5992 15
5993 15
5994 15
5995 16
5996 14
5997 14
5998 14
5999 14
6000 10
6001 10
6002 10
6003 10
6004 10
6005 10
6006 17
6007 11
6008 12
6009 13
6010 11
6011 10
6012 10
6013 10
6014 10
6015 10
6016 16
6017 11
6018 12
6019 13
6020 11
6021 11
6022 10
6023 10
6024 10
6025 10
6026 15
6027 11
6028 12
6029 13
6030 11
6031 11
6032 11
6033 10
6034 10
6035 10
6036 14
6037 11
6038 12
6039 13
6040 11
6041 11
6042 11
6043 11
6044 10
6045 10
6046 13
6047 11
6048 12
6049 13
6050 11
6051 11
6052 11
6053 11
6054 11
6055 10
6056 12
6057 11
6058 12
6059 13
6060 17
6061 17
6062 17
6063 17
6064 17
6065 17
6066 23
6067 24
6068 25
6069 26
6070 12
6071 12
6072 12
6073 12
6074 12
6075 12
6076 24
6077 11
6078 12
6079 13
6080 13
6081 13
6082 13
6083 13
6084 13
6085 13
6086 25
6087 12
6088 12
6089 13
6090 14
6091 14
6092 14
6093 14
6094 14
6095 14
6096 26
6097 13
6098 13
6099 13
6100 11
6101 11
6102 11
6103 11
6104 11
6105 11
6106 18
6107 12
6108 13
6109 14
6110 12
6111 10
6112 10
6113 10
6114 10
6115 10
6116 16
6117 11
6118 12
6119 13
6120 12
6121 11
6122 10
6123 10
6124 10
6125 10
6126 15
6127 11
6128 12
6129 13
6130 12
6131 11
6132 11
6133 10
6134 10
6135 10
6136 14
6137 11
6138 12
6139 13
6140 12
6141 11
6142 11
6143 11
6144 10
6145 10
6146 13
6147 11
6148 12
6149 13
6150 12
6151 11
6152 11
6153 11
6154 11
6155 10
6156 12
6157 11
6158 12
6159 13
6160 17
6161 16
6162 16
6163 16
6164 16
6165 16
6166 21
6167 22
6168 23
6169 24
6170 13
6171 12
6172 12
6173 12
6174 12
6175 12
6176 22
6177 11
6178 12
6179 13
6180 14
6181 13
6182 13
6183 13
6184 13
6185 13
6186 23
6187 12
6188 12
6189 13
6190 15
6191 14
6192 14
6193 14
6194 14
6195 14
6196 24
6197 13
6198 13
6199 13
6200 11
6201 12
6202 11
6203 11
6204 11
6205 11
6206 18
6207 12
6208 13
6209 14
6210 13
6211 11
6212 11
6213 11
6214 11
6215 11
6216 17
6217 12
6218 13
6219 14
6220 12
6221 12
6222 10
6223 10
6224 10
6225 10
6226 15
6227 11
6228 12
6229 13
6230 12
6231 12
6232 11
6233 10
6234 10
6235 10
6236 14
6237 11
6238 12
6239 13
6240 12
6241 12
6242 11
6243 11
6244 10
6245 10
6246 13
6247 11
6248 12
6249 13
6250 12
6251 12
6252 11
6253 11
6254 11
6255 10
6256 12
6257 11
6258 12
6259 13
6260 16
6261 16
6262 15
6263 15
6264 15
6265 15
6266 19
6267 20
6268 21
6269 22
6270 13
6271 13
6272 12
6273 12
6274 12
6275 12
6276 20
6277 11
6278 12
6279 13
6280 14
6281 14
6282 13
6283 13
6284 13
6285 13
6286 21
6287 12
6288 12
6289 13
6290 15
6291 15
6292 14
6293 14
6294 14
6295 14
6296 22
6297 13
6298 13
6299 13
6300 11
6301 12
6302 12
6303 11
6304 11
6305 11
6306 18
6307 12
6308 13
6309 14
6310 13
6311 11
6312 12
6313 11
6314 11
6315 11
6316 17
6317 12
6318 13
6319 14
6320 13
6321 13
6322 11
6323 11
6324 11
6325 11
6326 16
6327 12
6328 13
6329 14
6330 12
6331 12
6332 12
6333 10
6334 10
6335 10
6336 14
6337 11
6338 12
6339 13
6340 12
6341 12
6342 12
6343 11
6344 10
6345 10
6346 13
6347 11
6348 12
6349 13
6350 12
6351 12
6352 12
6353 11
6354 11
6355 10
6356 12
6357 11
6358 12
6359 13
6360 15
6361 15
6362 15
6363 14
6364 14
6365 14
6366 17
6367 18
6368 19
6369 20
6370 13
6371 13
6372 13
6373 12
6374 12
6375 12
6376 18
6377 11
6378 12
6379 13
6380 14
6381 14
6382 14
6383 13
6384 13
6385 13
6386 19
6387 12
6388 12
6389 13
6390 15
6391 15
6392 15
6393 14
6394 14
6395 14
6396 20
6397 13
6398 13
6399 13
6400 11
6401 12
6402 12
6403 12
6404 11
6405 11
6406 18
6407 12
6408 13
6409 14
6410 13
6411 11
6412 12
6413 12
6414 11
6415 11
6416 17
6417 12
6418 13
6419 14
6420 13
6421 13
6422 11
6423 12
6424 11
6425 11
6426 16
6427 12
6428 13
6429 14
6430 13
6431 13
6432 13
6433 11
6434 11
6435 11
6436 15
6437 12
6438 13
6439 14
6440 12
6441 12
6442 12
6443 12
6444 10
6445 10
6446 13
6447 11
6448 12
6449 13
6450 12
6451 12
6452 12
6453 12
6454 11
6455 10
6456 12
6457 11
6458 12
6459 13
6460 14
6461 14
6462 14
6463 14
6464 13
6465 13
6466 15
6467 16
6468 17
6469 18
6470 13
6471 13
6472 13
6473 13
6474 12
6475 12
6476 16
6477 11
6478 12
6479 13
6480 14
6481 14
6482 14
6483 14
6484 13
6485 13
6486 17
6487 12
6488 12
6489 13
6490 15
6491 15
6492 15
6493 15
6494 14
6495 14
6496 18
6497 13
6498 13
6499 13
6500 11
6501 12
6502 12
6503 12
6504 12
6505 11
6506 18
6507 12
6508 13
6509 14
6510 13
6511 11
6512 12
6513 12
6514 12
6515 11
6516 17
6517 12
6518 13
6519 14
6520 13
6521 13
6522 11
6523 12
6524 12
6525 11
6526 16
6527 12
6528 13
6529 14
6530 13
6531 13
6532 13
6533 11
6534 12
6535 11
6536 15
6537 12
6538 13
6539 14
6540 13
6541 13
6542 13
6543 13
6544 11
6545 11
6546 14
6547 12
6548 13
6549 14
6550 12
6551 12
6552 12
6553 12
6554 12
6555 10
6556 12
6557 11
6558 12
6559 13
6560 13
6561 13
6562 13
6563 13
6564 13
6565 12
6566 13
6567 14
6568 15
6569 16
6570 13
6571 13
6572 13
6573 13
6574 13
6575 12
6576 14
6577 11
6578 12
6579 13
6580 14
6581 14
6582 14
6583 14
6584 14
6585 13
6586 15
6587 12
6588 12
6589 13
6590 15
6591 15
6592 15
6593 15
6594 15
6595 14
6596 16
6597 13
6598 13
6599 13
6600 11
6601 12
6602 12
6603 12
6604 12
6605 12
6606 18
6607 13
6608 14
6609 15
6610 13
6611 11
6612 12
6613 12
6614 12
6615 12
6616 17
6617 13
6618 14
6619 15
6620 13
6621 13
6622 11
6623 12
6624 12
6625 12
6626 16
6627 13
6628 14
6629 15
6630 13
6631 13
6632 13
6633 11
6634 12
6635 12
6636 15
6637 13
6638 14
6639 15
6640 13
6641 13
6642 13
6643 13
6644 11
6645 12
6646 14
6647 13
6648 14
6649 15
6650 13
6651 13
6652 13
6653 13
6654 13
6655 11
6656 13
6657 13
6658 14
6659 15
6660 13
6661 13
6662 13
6663 13
6664 13
6665 13
6666 13
6667 14
6668 15
6669 16
6670 14
6671 14
6672 14
6673 14
6674 14
6675 14
6676 14
6677 13
6678 14
6679 15
6680 15
6681 15
6682 15
6683 15
6684 15
6685 15
6686 15
6687 14
6688 14
6689 15
6690 16
6691 16
6692 16
6693 16
6694 16
6695 16
6696 16
6697 15
6698 15
6699 15
6700 12
6701 13
6702 13
6703 13
6704 13
6705 13
6706 13
6707 19
6708 13
6709 14
6710 14
6711 12
6712 13
6713 13
6714 13
6715 13
6716 13
6717 18
6718 13
6719 14
6720 14
6721 14
6722 12
6723 13
6724 13
6725 13
6726 13
6727 17
6728 13
6729 14
6730 14
6731 14
6732 14
6733 12
6734 13
6735 13
6736 13
6737 16
6738 13
6739 14
6740 14
6741 14
6742 14
6743 14
6744 12
6745 13
6746 13
6747 15
6748 13
6749 14
6750 14
6751 14
6752 14
6753 14
6754 14
6755 12
6756 13
6757 14
6758 13
6759 14
6760 14
6761 14
6762 14
6763 14
6764 14
6765 14
6766 13
6767 14
6768 14
6769 15
6770 13
6771 13
6772 13
6773 13
6774 13
6775 13
6776 14
6777 12
6778 13
6779 14
6780 14
6781 14
6782 14
6783 14
6784 14
6785 14
6786 15
6787 13
6788 12
6789 13
6790 15
6791 15
6792 15
6793 15
6794 15
6795 15
6796 16
6797 14
6798 13
6799 13
6800 13
6801 14
6802 14
6803 14
6804 14
6805 14
6806 14
6807 13
6808 21
6809 14
6810 15
6811 13
6812 14
6813 14
6814 14
6815 14
6816 14
6817 13
6818 20
6819 14
6820 15
6821 15
6822 13
6823 14
6824 14
6825 14
6826 14
6827 13
6828 19
6829 14
6830 15
6831 15
6832 15
6833 13
6834 14
6835 14
6836 14
6837 13
6838 18
6839 14
6840 15
6841 15
6842 15
6843 15
6844 13
6845 14
6846 14
6847 13
6848 17
6849 14
6850 15
6851 15
6852 15
6853 15
6854 15
6855 13
6856 14
6857 13
6858 16
6859 14
6860 15
6861 15
6862 15
6863 15
6864 15
6865 15
6866 14
6867 14
6868 16
6869 15
6870 14
6871 14
6872 14
6873 14
6874 14
6875 14
6876 15
6877 12
6878 13
6879 13
6880 14
6881 14
6882 14
6883 14
6884 14
6885 14
6886 15
6887 13
6888 13
6889 14
6890 15
6891 15
6892 15
6893 15
6894 15
6895 15
6896 16
6897 14
6898 14
6899 13
6900 14
6901 15
6902 15
6903 15
6904 15
6905 15
6906 15
6907 14
6908 14
6909 23
6910 16
6911 14
6912 15
6913 15
6914 15
6915 15
6916 15
6917 14
6918 14
6919 22
6920 16
6921 16
6922 14
6923 15
6924 15
6925 15
6926 15
6927 14
6928 14
6929 21
6930 16
6931 16
6932 16
6933 14
6934 15
6935 15
6936 15
6937 14
6938 14
6939 20
6940 16
6941 16
6942 16
6943 16
6944 14
6945 15
6946 15
6947 14
6948 14
6949 19
6950 16
6951 16
6952 16
6953 16
6954 16
6955 14
6956 15
6957 14
6958 14
6959 18
6960 16
6961 16
6962 16
6963 16
6964 16
6965 16
6966 15
6967 15
6968 15
6969 18
6970 15
6971 15
6972 15
6973 15
6974 15
6975 15
6976 16
6977 13
6978 13
6979 15
6980 15
6981 15
6982 15
6983 15
6984 15
6985 15
6986 16
6987 14
6988 13
6989 14
6990 15
6991 15
6992 15
6993 15
6994 15
6995 15
6996 16
6997 14
6998 14
6999 14
7000 11
7001 11
7002 11
7003 11
7004 11
7005 11
7006 11
7007 19
7008 12
7009 13
7010 12
7011 11
7012 11
7013 11
7014 11
7015 11
7016 11
7017 18
7018 12
7019 13
7020 12
7021 12
7022 11
7023 11
7024 11
7025 11
7026 11
7027 17
7028 12
7029 13
7030 12
7031 12
7032 12
7033 11
7034 11
7035 11
7036 11
7037 16
7038 12
7039 13
7040 12
7041 12
7042 12
7043 12
7044 11
7045 11
7046 11
7047 15
7048 12
7049 13
7050 12
7051 12
7052 12
7053 12
7054 12
7055 11
7056 11
7057 14
7058 12
7059 13
7060 12
7061 12
7062 12
7063 12
7064 12
7065 12
7066 11
7067 13
7068 12
7069 13
7070 19
7071 19
7072 19
7073 19
7074 19
7075 19
7076 19
7077 26
7078 27
7079 28
7080 13
7081 13
7082 13
7083 13
7084 13
7085 13
7086 13
7087 27
7088 12
7089 13
7090 14
7091 14
7092 14
7093 14
7094 14
7095 14
7096 14
7097 28
7098 13
7099 13
7100 12
7101 12
7102 12
7103 12
7104 12
7105 12
7106 12
7107 20
7108 13
7109 14
7110 13
7111 11
7112 11
7113 11
7114 11
7115 11
7116 11
7117 18
7118 12
7119 13
7120 13
7121 12
7122 11
7123 11
7124 11
7125 11
7126 11
7127 17
7128 12
7129 13
7130 13
7131 12
7132 12
7133 11
7134 11
7135 11
7136 11
7137 16
7138 12
7139 13
7140 13
7141 12
7142 12
7143 12
7144 11
7145 11
7146 11
7147 15
7148 12
7149 13
7150 13
7151 12
7152 12
7153 12
7154 12
7155 11
7156 11
7157 14
7158 12
7159 13
7160 13
7161 12
7162 12
7163 12
7164 12
7165 12
7166 11
7167 13
7168 12
7169 13
7170 19
7171 18
7172 18
7173 18
7174 18
7175 18
7176 18
7177 24
7178 25
7179 26
7180 14
7181 13
7182 13
7183 13
7184 13
7185 13
7186 13
7187 25
7188 12
7189 13
7190 15
7191 14
7192 14
7193 14
7194 14
7195 14
7196 14
7197 26
7198 13
7199 13
7200 12
7201 13
7202 12
7203 12
7204 12
7205 12
7206 12
7207 20
7208 13
7209 14
7210 14
7211 12
7212 12
7213 12
7214 12
7215 12
7216 12
7217 19
7218 13
7219 14
7220 13
7221 13
7222 11
7223 11
7224 11
7225 11
7226 11
7227 17
7228 12
7229 13
7230 13
7231 13
7232 12
7233 11
7234 11
7235 11
7236 11
7237 16
7238 12
7239 13
7240 13
7241 13
7242 12
7243 12
7244 11
7245 11
7246 11
7247 15
7248 12
7249 13
7250 13
7251 13
7252 12
7253 12
7254 12
7255 11
7256 11
7257 14
7258 12
7259 13
7260 13
7261 13
7262 12
7263 12
7264 12
7265 12
7266 11
7267 13
7268 12
7269 13
7270 18
7271 18
7272 17
7273 17
7274 17
7275 17
7276 17
7277 22
7278 23
7279 24
7280 14
7281 14
7282 13
7283 13
7284 13
7285 13
7286 13
7287 23
7288 12
7289 13
7290 15
7291 15
7292 14
7293 14
7294 14
7295 14
7296 14
7297 24
7298 13
7299 13
7300 12
7301 13
7302 13
7303 12
7304 12
7305 12
7306 12
7307 20
7308 13
7309 14
7310 14
7311 12
7312 13
7313 12
7314 12
7315 12
7316 12
7317 19
7318 13
7319 14
7320 14
7321 14
7322 12
7323 12
7324 12
7325 12
7326 12
7327 18
7328 13
7329 14
7330 13
7331 13
7332 13
7333 11
7334 11
7335 11
7336 11
7337 16
7338 12
7339 13
7340 13
7341 13
7342 13
7343 12
7344 11
7345 11
7346 11
7347 15
7348 12
7349 13
7350 13
7351 13
7352 13
7353 12
7354 12
7355 11
7356 11
7357 14
7358 12
7359 13
7360 13
7361 13
7362 13
7363 12
7364 12
7365 12
7366 11
7367 13
7368 12
7369 13
7370 17
7371 17
7372 17
7373 16
7374 16
7375 16
7376 16
7377 20
7378 21
7379 22
7380 14
7381 14
7382 14
7383 13
7384 13
7385 13
7386 13
7387 21
7388 12
7389 13
7390 15
7391 15
7392 15
7393 14
7394 14
7395 14
7396 14
7397 22
7398 13
7399 13
7400 12
7401 13
7402 13
7403 13
7404 12
7405 12
7406 12
7407 20
7408 13
7409 14
7410 14
7411 12
7412 13
7413 13
7414 12
7415 12
7416 12
7417 19
7418 13
7419 14
7420 14
7421 14
7422 12
7423 13
7424 12
7425 12
7426 12
7427 18
7428 13
7429 14
7430 14
7431 14
7432 14
7433 12
7434 12
7435 12
7436 12
7437 17
7438 13
7439 14
7440 13
7441 13
7442 13
7443 13
7444 11
7445 11
7446 11
7447 15
7448 12
7449 13
7450 13
7451 13
7452 13
7453 13
7454 12
7455 11
7456 11
7457 14
7458 12
7459 13
7460 13
7461 13
7462 13
7463 13
7464 12
7465 12
7466 11
7467 13
7468 12
7469 13
7470 16
7471 16
7472 16
7473 16
7474 15
7475 15
7476 15
7477 18
7478 19
7479 20
7480 14
7481 14
7482 14
7483 14
7484 13
7485 13
7486 13
7487 19
7488 12
7489 13
7490 15
7491 15
7492 15
7493 15
7494 14
7495 14
7496 14
7497 20
7498 13
7499 13
7500 12
7501 13
7502 13
7503 13
7504 13
7505 12
7506 12
7507 20
7508 13
7509 14
7510 14
7511 12
7512 13
7513 13
7514 13
7515 12
7516 12
7517 19
7518 13
7519 14
7520 14
7521 14
7522 12
7523 13
7524 13
7525 12
7526 12
7527 18
7528 13
7529 14
7530 14
7531 14
7532 14
7533 12
7534 13
7535 12
7536 12
7537 17
7538 13
7539 14
7540 14
7541 14
7542 14
7543 14
7544 12
7545 12
7546 12
7547 16
7548 13
7549 14
7550 13
7551 13
7552 13
7553 13
7554 13
7555 11
7556 11
7557 14
7558 12
7559 13
7560 13
7561 13
7562 13
7563 13
7564 13
7565 12
7566 11
7567 13
7568 12
7569 13
7570 15
7571 15
7572 15
7573 15
7574 15
7575 14
7576 14
7577 16
7578 17
7579 18
7580 14
7581 14
7582 14
7583 14
7584 14
7585 13
7586 13
7587 17
7588 12
7589 13
7590 15
7591 15
7592 15
7593 15
7594 15
7595 14
7596 14
7597 18
7598 13
7599 13
7600 12
7601 13
7602 13
7603 13
7604 13
7605 13
7606 12
7607 20
7608 13
7609 14
7610 14
7611 12
7612 13
7613 13
7614 13
7615 13
7616 12
7617 19
7618 13
7619 14
7620 14
7621 14
7622 12
7623 13
7624 13
7625 13
7626 12
7627 18
7628 13
7629 14
7630 14
7631 14
7632 14
7633 12
7634 13
7635 13
7636 12
7637 17
7638 13
7639 14
7640 14
7641 14
7642 14
7643 14
7644 12
7645 13
7646 12
7647 16
7648 13
7649 14
7650 14
7651 14
7652 14
7653 14
7654 14
7655 12
7656 12
7657 15
7658 13
7659 14
7660 13
7661 13
7662 13
7663 13
7664 13
7665 13
7666 11
7667 13
7668 12
7669 13
7670 14
7671 14
7672 14
7673 14
7674 14
7675 14
7676 13
7677 14
7678 15
7679 16
7680 14
7681 14
7682 14
7683 14
7684 14
7685 14
7686 13
7687 15
7688 12
7689 13
7690 15
7691 15
7692 15
7693 15
7694 15
7695 15
7696 14
7697 16
7698 13
7699 13
7700 12
7701 13
7702 13
7703 13
7704 13
7705 13
7706 13
7707 20
7708 14
7709 15
7710 14
7711 12
7712 13
7713 13
7714 13
7715 13
7716 13
7717 19
7718 14
7719 15
7720 14
7721 14
7722 12
7723 13
7724 13
7725 13
7726 13
7727 18
7728 14
7729 15
7730 14
7731 14
7732 14
7733 12
7734 13
7735 13
7736 13
7737 17
7738 14
7739 15
7740 14
7741 14
7742 14
7743 14
7744 12
7745 13
7746 13
7747 16
7748 14
7749 15
7750 14
7751 14
7752 14
7753 14
7754 14
7755 12
7756 13
7757 15
7758 14
7759 15
7760 14
7761 14
7762 14
7763 14
7764 14
7765 14
7766 12
7767 14
7768 14
7769 15
7770 14
7771 14
7772 14
7773 14
7774 14
7775 14
7776 14
7777 14
7778 15
7779 16
7780 15
7781 15
7782 15
7783 15
7784 15
7785 15
7786 15
7787 15
7788 14
7789 15
7790 16
7791 16
7792 16
7793 16
7794 16
7795 16
7796 16
7797 16
7798 15
7799 15
7800 13
7801 14
7802 14
7803 14
7804 14
7805 14
7806 14
7807 14
7808 21
7809 14
7810 15
7811 13
7812 14
7813 14
7814 14
7815 14
7816 14
7817 14
7818 20
7819 14
7820 15
7821 15
7822 13
7823 14
7824 14
7825 14
7826 14
7827 14
7828 19
7829 14
7830 15
7831 15
7832 15
7833 13
7834 14
7835 14
7836 14
7837 14
7838 18
7839 14
7840 15
7841 15
7842 15
7843 15
7844 13
7845 14
7846 14
7847 14
7848 17
7849 14
7850 15
7851 15
7852 15
7853 15
7854 15
7855 13
7856 14
7857 14
7858 16
7859 14
7860 15
7861 15
7862 15
7863 15
7864 15
7865 15
7866 13
7867 14
7868 15
7869 14
7870 15
7871 15
7872 15
7873 15
7874 15
7875 15
7876 15
7877 14
7878 15
7879 15
7880 14
7881 14
7882 14
7883 14
7884 14
7885 14
7886 14
7887 15
7888 13
7889 14
7890 15
7891 15
7892 15
7893 15
7894 15
7895 15
7896 15
7897 16
7898 14
7899 13
7900 14
7901 15
7902 15
7903 15
7904 15
7905 15
7906 15
7907 15
7908 14
7909 23
7910 16
7911 14
7912 15
7913 15
7914 15
7915 15
7916 15
7917 15
7918 14
7919 22
7920 16
7921 16
7922 14
7923 15
7924 15
7925 15
7926 15
7927 15
7928 14
7929 21
7930 16
7931 16
7932 16
7933 14
7934 15
7935 15
7936 15
7937 15
7938 14
7939 20
7940 16
7941 16
7942 16
7943 16
7944 14
7945 15
7946 15
7947 15
7948 14
7949 19
7950 16
7951 16
7952 16
7953 16
7954 16
7955 14
7956 15
7957 15
7958 14
7959 18
7960 16
7961 16
7962 16
7963 16
7964 16
7965 16
7966 14
7967 15
7968 14
7969 17
7970 16
7971 16
7972 16
7973 16
7974 16
7975 16
7976 16
7977 15
7978 15
7979 17
7980 15
7981 15
7982 15
7983 15
7984 15
7985 15
7986 15
7987 16
7988 13
7989 14
7990 15
7991 15
7992 15
7993 15
7994 15
7995 15
7996 15
7997 16
7998 14
7999 14
8000 12
8001 12
8002 12
8003 12
8004 12
8005 12
8006 12
8007 12
8008 21
8009 13
8010 13
8011 12
8012 12
8013 12
8014 12
8015 12
8016 12
8017 12
8018 20
8019 13
8020 13
8021 13
8022 12
8023 12
8024 12
8025 12
8026 12
8027 12
8028 19
8029 13
8030 13
8031 13
8032 13
8033 12
8034 12
8035 12
8036 12
8037 12
8038 18
8039 13
8040 13
8041 13
8042 13
8043 13
8044 12
8045 12
8046 12
8047 12
8048 17
8049 13
8050 13
8051 13
8052 13
8053 13
8054 13
8055 12
8056 12
8057 12
8058 16
8059 13
8060 13
8061 13
8062 13
8063 13
8064 13
8065 13
8066 12
8067 12
8068 15
8069 13
8070 13
8071 13
8072 13
8073 13
8074 13
8075 13
8076 13
8077 12
8078 14
8079 13
8080 21
8081 21
8082 21
8083 21
8084 21
8085 21
8086 21
8087 21
8088 29
8089 30
8090 14
8091 14
8092 14
8093 14
8094 14
8095 14
8096 14
8097 14
8098 30
8099 13
8100 13
8101 13
8102 13
8103 13
8104 13
8105 13
8106 13
8107 13
8108 22
8109 14
8110 14
8111 12
8112 12
8113 12
8114 12
8115 12
8116 12
8117 12
8118 20
8119 13
8120 14
8121 13
8122 12
8123 12
8124 12
8125 12
8126 12
8127 12
8128 19
8129 13
8130 14
8131 13
8132 13
8133 12
8134 12
8135 12
8136 12
8137 12
8138 18
8139 13
8140 14
8141 13
8142 13
8143 13
8144 12
8145 12
8146 12
8147 12
8148 17
8149 13
8150 14
8151 13
8152 13
8153 13
8154 13
8155 12
8156 12
8157 12
8158 16
8159 13
8160 14
8161 13
8162 13
8163 13
8164 13
8165 13
8166 12
8167 12
8168 15
8169 13
8170 14
8171 13
8172 13
8173 13
8174 13
8175 13
8176 13
8177 12
8178 14
8179 13
8180 21
8181 20
8182 20
8183 20
8184 20
8185 20
8186 20
8187 20
8188 27
8189 28
8190 15
8191 14
8192 14
8193 14
8194 14
8195 14
8196 14
8197 14
8198 28
8199 13
8200 13
8201 14
8202 13
8203 13
8204 13
8205 13
8206 13
8207 13
8208 22
8209 14
8210 15
8211 13
8212 13
8213 13
8214 13
8215 13
8216 13
8217 13
8218 21
8219 14
8220 14
8221 14
8222 12
8223 12
8224 12
8225 12
8226 12
8227 12
8228 19
8229 13
8230 14
8231 14
8232 13
8233 12
8234 12
8235 12
8236 12
8237 12
8238 18
8239 13
8240 14
8241 14
8242 13
8243 13
8244 12
8245 12
8246 12
8247 12
8248 17
8249 13
8250 14
8251 14
8252 13
8253 13
8254 13
8255 12
8256 12
8257 12
8258 16
8259 13
8260 14
8261 14
8262 13
8263 13
8264 13
8265 13
8266 12
8267 12
8268 15
8269 13
8270 14
8271 14
8272 13
8273 13
8274 13
8275 13
8276 13
8277 12
8278 14
8279 13
8280 20
8281 20
8282 19
8283 19
8284 19
8285 19
8286 19
8287 19
8288 25
8289 26
8290 15
8291 15
8292 14
8293 14
8294 14
8295 14
8296 14
8297 14
8298 26
8299 13
8300 13
8301 14
8302 14
8303 13
8304 13
8305 13
8306 13
8307 13
8308 22
8309 14
8310 15
8311 13
8312 14
8313 13
8314 13
8315 13
8316 13
8317 13
8318 21
8319 14
8320 15
8321 15
8322 13
8323 13
8324 13
8325 13
8326 13
8327 13
8328 20
8329 14
8330 14
8331 14
8332 14
8333 12
8334 12
8335 12
8336 12
8337 12
8338 18
8339 13
8340 14
8341 14
8342 14
8343 13
8344 12
8345 12
8346 12
8347 12
8348 17
8349 13
8350 14
8351 14
8352 14
8353 13
8354 13
8355 12
8356 12
8357 12
8358 16
8359 13
8360 14
8361 14
8362 14
8363 13
8364 13
8365 13
8366 12
8367 12
8368 15
8369 13
8370 14
8371 14
8372 14
8373 13
8374 13
8375 13
8376 13
8377 12
8378 14
8379 13
8380 19
8381 19
8382 19
8383 18
8384 18
8385 18
8386 18
8387 18
8388 23
8389 24
8390 15
8391 15
8392 15
8393 14
8394 14
8395 14
8396 14
8397 14
8398 24
8399 13
8400 13
8401 14
8402 14
8403 14
8404 13
8405 13
8406 13
8407 13
8408 22
8409 14
8410 15
8411 13
8412 14
8413 14
8414 13
8415 13
8416 13
8417 13
8418 21
8419 14
8420 15
8421 15
8422 13
8423 14
8424 13
8425 13
8426 13
8427 13
8428 20
8429 14
8430 15
8431 15
8432 15
8433 13
8434 13
8435 13
8436 13
8437 13
8438 19
8439 14
8440 14
8441 14
8442 14
8443 14
8444 12
8445 12
8446 12
8447 12
8448 17
8449 13
8450 14
8451 14
8452 14
8453 14
8454 13
8455 12
8456 12
8457 12
8458 16
8459 13
8460 14
8461 14
8462 14
8463 14
8464 13
8465 13
8466 12
8467 12
8468 15
8469 13
8470 14
8471 14
8472 14
8473 14
8474 13
8475 13
8476 13
8477 12
8478 14
8479 13
8480 18
8481 18
8482 18
8483 18
8484 17
8485 17
8486 17
8487 17
8488 21
8489 22
8490 15
8491 15
8492 15
8493 15
8494 14
8495 14
8496 14
8497 14
8498 22
8499 13
8500 13
8501 14
8502 14
8503 14
8504 14
8505 13
8506 13
8507 13
8508 22
8509 14
8510 15
8511 13
8512 14
8513 14
8514 14
8515 13
8516 13
8517 13
8518 21
8519 14
8520 15
8521 15
8522 13
8523 14
8524 14
8525 13
8526 13
8527 13
8528 20
8529 14
8530 15
8531 15
8532 15
8533 13
8534 14
8535 13
8536 13
8537 13
8538 19
8539 14
8540 15
8541 15
8542 15
8543 15
8544 13
8545 13
8546 13
8547 13
8548 18
8549 14
8550 14
8551 14
8552 14
8553 14
8554 14
8555 12
8556 12
8557 12
8558 16
8559 13
8560 14
8561 14
8562 14
8563 14
8564 14
8565 13
8566 12
8567 12
8568 15
8569 13
8570 14
8571 14
8572 14
8573 14
8574 14
8575 13
8576 13
8577 12
8578 14
8579 13
8580 17
8581 17
8582 17
8583 17
8584 17
8585 16
8586 16
8587 16
8588 19
8589 20
8590 15
8591 15
8592 15
8593 15
8594 15
8595 14
8596 14
8597 14
8598 20
8599 13
8600 13
8601 14
8602 14
8603 14
8604 14
8605 14
8606 13
8607 13
8608 22
8609 14
8610 15
8611 13
8612 14
8613 14
8614 14
8615 14
8616 13
8617 13
8618 21
8619 14
8620 15
8621 15
8622 13
8623 14
8624 14
8625 14
8626 13
8627 13
8628 20
8629 14
8630 15
8631 15
8632 15
8633 13
8634 14
8635 14
8636 13
8637 13
8638 19
8639 14
8640 15
8641 15
8642 15
8643 15
8644 13
8645 14
8646 13
8647 13
8648 18
8649 14
8650 15
8651 15
8652 15
8653 15
8654 15
8655 13
8656 13
8657 13
8658 17
8659 14
8660 14
8661 14
8662 14
8663 14
8664 14
8665 14
8666 12
8667 12
8668 15
8669 13
8670 14
8671 14
8672 14
8673 14
8674 14
8675 14
8676 13
8677 12
8678 14
8679 13
8680 16
8681 16
8682 16
8683 16
8684 16
8685 16
8686 15
8687 15
8688 17
8689 18
8690 15
8691 15
8692 15
8693 15
8694 15
8695 15
8696 14
8697 14
8698 18
8699 13
8700 13
8701 14
8702 14
8703 14
8704 14
8705 14
8706 14
8707 13
8708 22
8709 14
8710 15
8711 13
8712 14
8713 14
8714 14
8715 14
8716 14
8717 13
8718 21
8719 14
8720 15
8721 15
8722 13
8723 14
8724 14
8725 14
8726 14
8727 13
8728 20
8729 14
8730 15
8731 15
8732 15
8733 13
8734 14
8735 14
8736 14
8737 13
8738 19
8739 14
8740 15
8741 15
8742 15
8743 15
8744 13
8745 14
8746 14
8747 13
8748 18
8749 14
8750 15
8751 15
8752 15
8753 15
8754 15
8755 13
8756 14
8757 13
8758 17
8759 14
8760 15
8761 15
8762 15
8763 15
8764 15
8765 15
8766 13
8767 13
8768 16
8769 14
8770 14
8771 14
8772 14
8773 14
8774 14
8775 14
8776 14
8777 12
8778 14
8779 13
8780 15
8781 15
8782 15
8783 15
8784 15
8785 15
8786 15
8787 14
8788 15
8789 16
8790 15
8791 15
8792 15
8793 15
8794 15
8795 15
8796 15
8797 14
8798 16
8799 13
8800 13
8801 14
8802 14
8803 14
8804 14
8805 14
8806 14
8807 14
8808 22
8809 15
8810 15
8811 13
8812 14
8813 14
8814 14
8815 14
8816 14
8817 14
8818 21
8819 15
8820 15
8821 15
8822 13
8823 14
8824 14
8825 14
8826 14
8827 14
8828 20
8829 15
8830 15
8831 15
8832 15
8833 13
8834 14
8835 14
8836 14
8837 14
8838 19
8839 15
8840 15
8841 15
8842 15
8843 15
8844 13
8845 14
8846 14
8847 14
8848 18
8849 15
8850 15
8851 15
8852 15
8853 15
8854 15
8855 13
8856 14
8857 14
8858 17
8859 15
8860 15
8861 15
8862 15
8863 15
8864 15
8865 15
8866 13
8867 14
8868 16
8869 15
8870 15
8871 15
8872 15
8873 15
8874 15
8875 15
8876 15
8877 13
8878 15
8879 15
8880 15
8881 15
8882 15
8883 15
8884 15
8885 15
8886 15
8887 15
8888 15
8889 16
8890 16
8891 16
8892 16
8893 16
8894 16
8895 16
8896 16
8897 16
8898 16
8899 15
8900 14
8901 15
8902 15
8903 15
8904 15
8905 15
8906 15
8907 15
8908 15
8909 23
8910 16
8911 14
8912 15
8913 15
8914 15
8915 15
8916 15
8917 15
8918 15
8919 22
8920 16
8921 16
8922 14
8923 15
8924 15
8925 15
8926 15
8927 15
8928 15
8929 21
8930 16
8931 16
8932 16
8933 14
8934 15
8935 15
8936 15
8937 15
8938 15
8939 20
8940 16
8941 16
8942 16
8943 16
8944 14
8945 15
8946 15
8947 15
8948 15
8949 19
8950 16
8951 16
8952 16
8953 16
8954 16
8955 14
8956 15
8957 15
8958 15
8959 18
8960 16
8961 16
8962 16
8963 16
8964 16
8965 16
8966 14
8967 15
8968 15
8969 17
8970 16
8971 16
8972 16
8973 16
8974 16
8975 16
8976 16
8977 14
8978 15
8979 16
8980 16
8981 16
8982 16
8983 16
8984 16
8985 16
8986 16
8987 16
8988 15
8989 16
8990 15
8991 15
8992 15
8993 15
8994 15
8995 15
8996 15
8997 15
8998 16
8999 14
9000 13
9001 13
9002 13
9003 13
9004 13
9005 13
9006 13
9007 13
9008 13
9009 23
9010 14
9011 13
9012 13
9013 13
9014 13
9015 13
9016 13
9017 13
9018 13
9019 22
9020 14
9021 14
9022 13
9023 13
9024 13
9025 13
9026 13
9027 13
9028 13
9029 21
9030 14
9031 14
9032 14
9033 13
9034 13
9035 13
9036 13
9037 13
9038 13
9039 20
9040 14
9041 14
9042 14
9043 14
9044 13
9045 13
9046 13
9047 13
9048 13
9049 19
9050 14
9051 14
9052 14
9053 14
9054 14
9055 13
9056 13
9057 13
9058 13
9059 18
9060 14
9061 14
9062 14
9063 14
9064 14
9065 14
9066 13
9067 13
9068 13
9069 17
9070 14
9071 14
9072 14
9073 14
9074 14
9075 14
9076 14
9077 13
9078 13
9079 16
9080 14
9081 14
9082 14
9083 14
9084 14
9085 14
9086 14
9087 14
9088 13
9089 15
9090 23
9091 23
9092 23
9093 23
9094 23
9095 23
9096 23
9097 23
9098 23
9099 32
9100 14
9101 14
9102 14
9103 14
9104 14
9105 14
9106 14
9107 14
9108 14
9109 24
9110 15
9111 13
9112 13
9113 13
9114 13
9115 13
9116 13
9117 13
9118 13
9119 22
9120 15
9121 14
9122 13
9123 13
9124 13
9125 13
9126 13
9127 13
9128 13
9129 21
9130 15
9131 14
9132 14
9133 13
9134 13
9135 13
9136 13
9137 13
9138 13
9139 20
9140 15
9141 14
9142 14
9143 14
9144 13
9145 13
9146 13
9147 13
9148 13
9149 19
9150 15
9151 14
9152 14
9153 14
9154 14
9155 13
9156 13
9157 13
9158 13
9159 18
9160 15
9161 14
9162 14
9163 14
9164 14
9165 14
9166 13
9167 13
9168 13
9169 17
9170 15
9171 14
9172 14
9173 14
9174 14
9175 14
9176 14
9177 13
9178 13
9179 16
9180 15
9181 14
9182 14
9183 14
9184 14
9185 14
9186 14
9187 14
9188 13
9189 15
9190 23
9191 22
9192 22
9193 22
9194 22
9195 22
9196 22
9197 22
9198 22
9199 30
9200 14
9201 15
9202 14
9203 14
9204 14
9205 14
9206 14
9207 14
9208 14
9209 24
9210 16
9211 14
9212 14
9213 14
9214 14
9215 14
9216 14
9217 14
9218 14
9219 23
9220 15
9221 15
9222 13
9223 13
9224 13
9225 13
9226 13
9227 13
9228 13
9229 21
9230 15
9231 15
9232 14
9233 13
9234 13
9235 13
9236 13
9237 13
9238 13
9239 20
9240 15
9241 15
9242 14
9243 14
9244 13
9245 13
9246 13
9247 13
9248 13
9249 19
9250 15
9251 15
9252 14
9253 14
9254 14
9255 13
9256 13
9257 13
9258 13
9259 18
9260 15
9261 15
9262 14
9263 14
9264 14
9265 14
9266 13
9267 13
9268 13
9269 17
9270 15
9271 15
9272 14
9273 14
9274 14
9275 14
9276 14
9277 13
9278 13
9279 16
9280 15
9281 15
9282 14
9283 14
9284 14
9285 14
9286 14
9287 14
9288 13
9289 15
9290 22
9291 22
9292 21
9293 21
9294 21
9295 21
9296 21
9297 21
9298 21
9299 28
9300 14
9301 15
9302 15
9303 14
9304 14
9305 14
9306 14
9307 14
9308 14
9309 24
9310 16
9311 14
9312 15
9313 14
9314 14
9315 14
9316 14
9317 14
9318 14
9319 23
9320 16
9321 16
9322 14
9323 14
9324 14
9325 14
9326 14
9327 14
9328 14
9329 22
9330 15
9331 15
9332 15
9333 13
9334 13
9335 13
9336 13
9337 13
9338 13
9339 20
9340 15
9341 15
9342 15
9343 14
9344 13
9345 13
9346 13
9347 13
9348 13
9349 19
9350 15
9351 15
9352 15
9353 14
9354 14
9355 13
9356 13
9357 13
9358 13
9359 18
9360 15
9361 15
9362 15
9363 14
9364 14
9365 14
9366 13
9367 13
9368 13
9369 17
9370 15
9371 15
9372 15
9373 14
9374 14
9375 14
9376 14
9377 13
9378 13
9379 16
9380 15
9381 15
9382 15
9383 14
9384 14
9385 14
9386 14
9387 14
9388 13
9389 15
9390 21
9391 21
9392 21
9393 20
9394 20
9395 20
9396 20
9397 20
9398 20
9399 26
9400 14
9401 15
9402 15
9403 15
9404 14
9405 14
9406 14
9407 14
9408 14
9409 24
9410 16
9411 14
9412 15
9413 15
9414 14
9415 14
9416 14
9417 14
9418 14
9419 23
9420 16
9421 16
9422 14
9423 15
9424 14
9425 14
9426 14
9427 14
9428 14
9429 22
9430 16
9431 16
9432 16
9433 14
9434 14
9435 14
9436 14
9437 14
9438 14
9439 21
9440 15
9441 15
9442 15
9443 15
9444 13
9445 13
9446 13
9447 13
9448 13
9449 19
9450 15
9451 15
9452 15
9453 15
9454 14
9455 13
9456 13
9457 13
9458 13
9459 18
9460 15
9461 15
9462 15
9463 15
9464 14
9465 14
9466 13
9467 13
9468 13
9469 17
9470 15
9471 15
9472 15
9473 15
9474 14
9475 14
9476 14
9477 13
9478 13
9479 16
9480 15
9481 15
9482 15
9483 15
9484 14
9485 14
9486 14
9487 14
9488 13
9489 15
9490 20
9491 20
9492 20
9493 20
9494 19
9495 19
9496 19
9497 19
9498 19
9499 24
9500 14
9501 15
9502 15
9503 15
9504 15
9505 14
9506 14
9507 14
9508 14
9509 24
9510 16
9511 14
9512 15
9513 15
9514 15
9515 14
9516 14
9517 14
9518 14
9519 23
9520 16
9521 16
9522 14
9523 15
9524 15
9525 14
9526 14
9527 14
9528 14
9529 22
9530 16
9531 16
9532 16
9533 14
9534 15
9535 14
9536 14
9537 14
9538 14
9539 21
9540 16
9541 16
9542 16
9543 16
9544 14
9545 14
9546 14
9547 14
9548 14
9549 20
9550 15
9551 15
9552 15
9553 15
9554 15
9555 13
9556 13
9557 13
9558 13
9559 18
9560 15
9561 15
9562 15
9563 15
9564 15
9565 14
9566 13
9567 13
9568 13
9569 17
9570 15
9571 15
9572 15
9573 15
9574 15
9575 14
9576 14
9577 13
9578 13
9579 16
9580 15
9581 15
9582 15
9583 15
9584 15
9585 14
9586 14
9587 14
9588 13
9589 15
9590 19
9591 19
9592 19
9593 19
9594 19
9595 18
9596 18
9597 18
9598 18
9599 22
9600 14
9601 15
9602 15
9603 15
9604 15
9605 15
9606 14
9607 14
9608 14
9609 24
9610 16
9611 14
9612 15
9613 15
9614 15
9615 15
9616 14
9617 14
9618 14
9619 23
9620 16
9621 16
9622 14
9623 15
9624 15
9625 15
9626 14
9627 14
9628 14
9629 22
9630 16
9631 16
9632 16
9633 14
9634 15
9635 15
9636 14
9637 14
9638 14
9639 21
9640 16
9641 16
9642 16
9643 16
9644 14
9645 15
9646 14
9647 14
9648 14
9649 20
9650 16
9651 16
9652 16
9653 16
9654 16
9655 14
9656 14
9657 14
9658 14
9659 19
9660 15
9661 15
9662 15
9663 15
9664 15
9665 15
9666 13
9667 13
9668 13
9669 17
9670 15
9671 15
9672 15
9673 15
9674 15
9675 15
9676 14
9677 13
9678 13
9679 16
9680 15
9681 15
9682 15
9683 15
9684 15
9685 15
9686 14
9687 14
9688 13
9689 15
9690 18
9691 18
9692 18
9693 18
9694 18
9695 18
9696 17
9697 17
9698 17
9699 20
9700 14
9701 15
9702 15
9703 15
9704 15
9705 15
9706 15
9707 14
9708 14
9709 24
9710 16
9711 14
9712 15
9713 15
9714 15
9715 15
9716 15
9717 14
9718 14
9719 23
9720 16
9721 16
9722 14
9723 15
9724 15
9725 15
9726 15
9727 14
9728 14
9729 22
9730 16
9731 16
9732 16
9733 14
9734 15
9735 15
9736 15
9737 14
9738 14
9739 21
9740 16
9741 16
9742 16
9743 16
9744 14
9745 15
9746 15
9747 14
9748 14
9749 20
9750 16
9751 16
9752 16
9753 16
9754 16
9755 14
9756 15
9757 14
9758 14
9759 19
9760 16
9761 16
9762 16
9763 16
9764 16
9765 16
9766 14
9767 14
9768 14
9769 18
9770 15
9771 15
9772 15
9773 15
9774 15
9775 15
9776 15
9777 13
9778 13
9779 16
9780 15
9781 15
9782 15
9783 15
9784 15
9785 15
9786 15
9787 14
9788 13
9789 15
9790 17
9791 17
9792 17
9793 17
9794 17
9795 17
9796 17
9797 16
9798 16
9799 18
9800 14
9801 15
9802 15
9803 15
9804 15
9805 15
9806 15
9807 15
9808 14
9809 24
9810 16
9811 14
9812 15
9813 15
9814 15
9815 15
9816 15
9817 15
9818 14
9819 23
9820 16
9821 16
9822 14
9823 15
9824 15
9825 15
9826 15
9827 15
9828 14
9829 22
9830 16
9831 16
9832 16
9833 14
9834 15
9835 15
9836 15
9837 15
9838 14
9839 21
9840 16
9841 16
9842 16
9843 16
9844 14
9845 15
9846 15
9847 15
9848 14
9849 20
9850 16
9851 16
9852 16
9853 16
9854 16
9855 14
9856 15
9857 15
9858 14
9859 19
9860 16
9861 16
9862 16
9863 16
9864 16
9865 16
9866 14
9867 15
9868 14
9869 18
9870 16
9871 16
9872 16
9873 16
9874 16
9875 16
9876 16
9877 14
9878 14
9879 17
9880 15
9881 15
9882 15
9883 15
9884 15
9885 15
9886 15
9887 15
9888 13
9889 15
9890 16
9891 16
9892 16
9893 16
9894 16
9895 16
9896 16
9897 16
9898 15
9899 16
9900 14
9901 15
9902 15
9903 15
9904 15
9905 15
9906 15
9907 15
9908 15
9909 24
9910 16
9911 14
9912 15
9913 15
9914 15
9915 15
9916 15
9917 15
9918 15
9919 23
9920 16
9921 16
9922 14
9923 15
9924 15
9925 15
9926 15
9927 15
9928 15
9929 22
9930 16
9931 16
9932 16
9933 14
9934 15
9935 15
9936 15
9937 15
9938 15
9939 21
9940 16
9941 16
9942 16
9943 16
9944 14
9945 15
9946 15
9947 15
9948 15
9949 20
9950 16
9951 16
9952 16
9953 16
9954 16
9955 14
9956 15
9957 15
9958 15
9959 19
9960 16
9961 16
9962 16
9963 16
9964 16
9965 16
9966 14
9967 15
9968 15
9969 18
9970 16
9971 16
9972 16
9973 16
9974 16
9975 16
9976 16
9977 14
9978 15
9979 17
9980 16
9981 16
9982 16
9983 16
9984 16
9985 16
9986 16
9987 16
9988 14
9989 16
9990 16
9991 16
9992 16
9993 16
9994 16
9995 16
9996 16
9997 16
9998 16
9999 16
